0 -1 0.000000
1 -1 0.000000
2 -1 0.000000
3 -1 0.000000
4 -1 0.000000
5 -1 0.000000
6 -1 0.000000
7 -1 0.000000
8 -1 0.000000
9 -1 0.000000
10 -1 0.000000
11 -1 0.000000
12 -1 0.000000
13 -1 0.000000
14 -1 0.000000
15 -1 0.000000
16 -1 0.000000
17 -1 0.000000
18 -1 0.000000
19 -1 0.000000
20 -1 0.000000
21 -1 0.000000
22 -1 0.000000
23 -1 0.000000
24 -1 0.000000
25 -1 0.000000
26 -1 0.000000
27 -1 0.000000
28 -1 0.000000
29 -1 0.000000
30 -1 0.000000
31 -1 0.000000
32 -1 0.000000
33 -1 0.000000
34 -1 0.000000
35 -1 0.000000
36 -1 0.000000
37 -1 0.000000
38 -1 0.000000
39 -1 0.000000
40 -1 0.000000
41 -1 0.000000
42 -1 0.000000
43 -1 0.000000
44 -1 0.000000
45 -1 0.000000
46 -1 0.000000
47 -1 0.000000
48 -1 0.000000
49 -1 0.000000
50 -1 0.000000
51 -1 0.000000
52 -1 0.000000
53 -1 0.000000
54 -1 0.000000
55 -1 0.000000
56 -1 0.000000
57 -1 0.000000
58 -1 0.000000
59 -1 0.000000
60 -1 0.000000
61 -1 0.000000
62 -1 0.000000
63 -1 0.000000
64 -1 0.000000
65 -1 0.000000
66 -1 0.000000
67 -1 0.000000
68 -1 0.000000
69 -1 0.000000
70 -1 0.000000
71 -1 0.000000
72 -1 0.000000
73 -1 0.000000
74 -1 0.000000
75 -1 0.000000
76 -1 0.000000
77 -1 0.000000
78 -1 0.000000
79 -1 0.000000
80 -1 0.000000
81 -1 0.000000
82 -1 0.000000
83 -1 0.000000
84 -1 0.000000
85 -1 0.000000
86 -1 0.000000
87 -1 0.000000
88 -1 0.000000
89 -1 0.000000
90 -1 0.000000
91 -1 0.000000
92 -1 0.000000
93 -1 0.000000
94 -1 0.000000
95 -1 0.000000
96 -1 0.000000
97 -1 0.000000
98 -1 0.000000
99 -1 0.000000
100 0 0.023557
101 0 0.022132
102 2 0.025103
103 3 0.026111
104 0 0.028891
105 5 0.026805
106 0 0.032149
107 6 0.027640
108 6 0.028402
109 6 0.028616
110 2 0.027670
111 7 0.029540
112 12 0.030699
113 12 0.030340
114 12 0.029176
115 6 0.036095
116 12 0.028013
117 12 0.031399
118 12 0.042447
119 12 0.041371
120 12 0.041316
121 12 0.030421
122 22 0.040478
123 12 0.032598
124 12 0.033678
125 12 0.034143
126 17 0.032179
127 17 0.032844
128 17 0.032699
129 12 0.032854
130 17 0.032478
131 17 0.034966
132 21 0.034426
133 26 0.034642
134 26 0.034260
135 28 0.045364
136 20 0.043022
137 20 0.044599
138 28 0.034622
139 24 0.041037
140 11 0.043084
141 28 0.032669
142 28 0.033469
143 25 0.043524
144 28 0.034883
145 28 0.034781
146 25 0.042439
147 44 0.045660
148 38 0.032245
149 37 0.036303
150 44 0.035818
151 28 0.034759
152 28 0.035429
153 2 0.042837
154 35 0.035368
155 37 0.036054
156 28 0.034449
157 35 0.035751
158 13 0.035481
159 13 0.034114
160 13 0.035022
161 12 0.034477
162 13 0.034772
163 53 0.040922
164 13 0.032204
165 30 0.031051
166 62 0.044014
167 13 0.036124
168 13 0.037151
169 30 0.037857
170 30 0.036111
171 28 0.035413
172 28 0.035505
173 28 0.036808
174 18 0.046671
175 26 0.034345
176 28 0.036333
177 17 0.047103
178 23 0.045282
179 62 0.046304
180 28 0.035746
181 28 0.048451
182 13 0.037200
183 13 0.037707
184 11 0.036727
185 25 0.047518
186 13 0.036647
187 13 0.037142
188 15 0.035192
189 28 0.034150
190 24 0.042148
191 35 0.045210
192 28 0.033910
193 28 0.033686
194 28 0.033772
195 13 0.032341
196 11 0.043338
197 28 0.044563
198 28 0.033003
199 11 0.041285
200 11 0.042522
201 28 0.032117
202 28 0.032893
203 28 0.031460
204 34 0.039779
205 22 0.030274
206 24 0.036757
207 28 0.031406
208 28 0.031273
209 24 0.038153
210 28 0.033039
211 28 0.032626
212 28 0.032853
213 49 0.045684
214 28 0.034083
215 28 0.034845
216 28 0.035556
217 26 0.047559
218 49 0.047940
219 27 0.047513
220 28 0.051053
221 29 0.050061
222 27 0.049784
223 28 0.040094
224 20 0.049974
225 125 0.042667
226 26 0.052537
227 127 0.041370
228 88 0.037829
229 43 0.037492
230 127 0.043085
231 91 0.047010
232 23 0.048202
233 126 0.038848
234 132 0.061440
235 22 0.050796
236 127 0.038100
237 22 0.047873
238 87 0.047462
239 138 0.043937
240 23 0.045900
241 138 0.040770
242 138 0.042138
243 138 0.039616
244 28 0.049097
245 142 0.049490
246 18 0.045503
247 142 0.050789
248 145 0.043488
249 149 0.043974
250 149 0.063586
251 149 0.048925
252 28 0.054627
253 145 0.065090
254 154 0.064049
255 149 0.046711
256 149 0.049672
257 149 0.046386
258 145 0.044798
259 153 0.041703
260 153 0.042723
261 154 0.054432
262 149 0.041626
263 153 0.043125
264 164 0.038723
265 163 0.040996
266 163 0.040300
267 56 0.045976
268 28 0.049249
269 163 0.041307
270 56 0.049855
271 145 0.041748
272 163 0.042243
273 164 0.053163
274 164 0.055467
275 164 0.054263
276 170 0.045972
277 52 0.047687
278 52 0.046359
279 51 0.047133
280 52 0.046360
281 179 0.055590
282 52 0.045035
283 62 0.034911
284 145 0.040160
285 146 0.036616
286 145 0.038259
287 28 0.042437
288 28 0.033930
289 179 0.052171
290 169 0.042750
291 29 0.044844
292 192 0.049459
293 190 0.050113
294 194 0.043382
295 153 0.034717
296 179 0.042321
297 174 0.033071
298 179 0.033170
299 174 0.034256
300 173 0.035902
301 173 0.037472
302 192 0.044957
303 144 0.048610
304 28 0.042193
305 146 0.045884
306 153 0.037232
307 179 0.036383
308 179 0.037833
309 190 0.036798
310 41 0.049179
311 179 0.054144
312 42 0.050570
313 41 0.052129
314 145 0.043735
315 188 0.042763
316 188 0.041215
317 145 0.045061
318 170 0.061651
319 30 0.036597
320 168 0.056575
321 173 0.041892
322 169 0.044402
323 170 0.043150
324 222 0.046596
325 169 0.045323
326 222 0.045102
327 222 0.044278
328 222 0.046463
329 145 0.060531
330 230 0.055198
331 231 0.055272
332 230 0.064389
333 230 0.061882
334 230 0.058208
335 145 0.046045
336 147 0.058369
337 231 0.054839
338 229 0.057741
339 150 0.049424
340 145 0.065232
341 231 0.052892
342 188 0.048440
343 239 0.054480
344 169 0.053101
345 15 0.055085
346 169 0.051886
347 169 0.048708
348 169 0.052015
349 247 0.046716
350 170 0.045908
351 184 0.046785
352 188 0.044369
353 170 0.045735
354 169 0.048121
355 169 0.047541
356 170 0.044068
357 169 0.045673
358 169 0.044774
359 169 0.063908
360 170 0.046705
361 170 0.043912
362 15 0.036042
363 14 0.047959
364 170 0.041605
365 9 0.045086
366 187 0.040151
367 185 0.042854
368 185 0.041139
369 17 0.045504
370 7 0.034237
371 6 0.034204
372 12 0.035572
373 4 0.041891
374 124 0.040606
375 4 0.042391
376 7 0.041554
377 4 0.030304
378 4 0.030018
379 4 0.028772
380 79 0.029623
381 79 0.028168
382 4 0.042669
383 6 0.045634
384 4 0.031353
385 4 0.030851
386 4 0.028827
387 4 0.029482
388 4 0.029204
389 4 0.030209
390 78 0.029480
391 4 0.040802
392 21 0.030027
393 68 0.030343
394 67 0.029896
395 78 0.031139
396 21 0.030178
397 14 0.030686
398 21 0.041971
399 228 0.032494
400 78 0.029595
401 250 0.035631
402 68 0.031373
403 236 0.032872
404 242 0.035084
405 250 0.036876
406 230 0.041758
407 250 0.037733
408 132 0.030747
409 68 0.029700
410 78 0.031105
411 57 0.029492
412 55 0.030624
413 131 0.035781
414 78 0.030505
415 78 0.029285
416 67 0.029453
417 55 0.039493
418 78 0.029698
419 14 0.039409
420 125 0.030242
421 118 0.030022
422 17 0.038482
423 13 0.029099
424 13 0.038652
425 205 0.030694
426 124 0.029091
427 205 0.028397
428 211 0.030254
429 124 0.038553
430 125 0.029140
431 121 0.036081
432 205 0.029927
433 12 0.028988
434 12 0.029298
435 185 0.034130
436 216 0.032190
437 185 0.033609
438 187 0.033524
439 192 0.041584
440 118 0.038877
441 118 0.038685
442 181 0.045117
443 185 0.036847
444 185 0.036480
445 185 0.038464
446 185 0.037616
447 183 0.052175
448 185 0.038888
449 185 0.037047
450 180 0.049129
451 185 0.052399
452 252 0.052532
453 261 0.048135
454 253 0.041283
455 254 0.054002
456 254 0.054998
457 252 0.054772
458 300 0.043146
459 221 0.038864
460 260 0.048556
461 304 0.044459
462 263 0.039836
463 258 0.040413
464 302 0.044087
465 301 0.047178
466 302 0.044571
467 260 0.059556
468 301 0.049955
469 299 0.048051
470 264 0.048536
471 264 0.048340
472 244 0.043964
473 258 0.046472
474 260 0.057604
475 253 0.048923
476 258 0.057909
477 254 0.060713
478 253 0.049437
479 234 0.047015
480 252 0.048700
481 253 0.067434
482 253 0.051304
483 253 0.049567
484 253 0.063415
485 234 0.047154
486 230 0.046073
487 332 0.049475
488 224 0.046862
489 313 0.062745
490 234 0.044569
491 234 0.042459
492 256 0.045685
493 238 0.055397
494 256 0.043741
495 260 0.054203
496 243 0.051078
497 258 0.055953
498 256 0.057148
499 224 0.042725
500 312 0.051887
501 256 0.062767
502 252 0.064674
503 254 0.062400
504 255 0.045877
505 255 0.047018
506 254 0.050063
507 255 0.066857
508 233 0.064557
509 225 0.053073
510 232 0.046979
511 325 0.042692
512 325 0.043231
513 319 0.047206
514 244 0.063880
515 144 0.045942
516 137 0.047105
517 137 0.047761
518 138 0.045481
519 185 0.051142
520 185 0.049578
521 185 0.047870
522 197 0.055638
523 185 0.066515
524 191 0.058489
525 191 0.056735
526 185 0.045432
527 196 0.051717
528 191 0.051785
529 182 0.040904
530 194 0.052884
531 185 0.041282
532 194 0.048663
533 185 0.040130
534 125 0.046566
535 27 0.042456
536 199 0.043868
537 27 0.042179
538 125 0.055603
539 125 0.044648
540 196 0.044892
541 124 0.054511
542 125 0.042913
543 125 0.043486
544 125 0.042908
545 25 0.042110
546 125 0.045490
547 125 0.042506
548 194 0.043302
549 124 0.053724
550 124 0.053724
551 191 0.044087
552 194 0.044978
553 125 0.042967
554 125 0.041491
555 125 0.042700
556 125 0.040907
557 120 0.049047
558 124 0.053144
559 454 0.040153
560 125 0.043668
561 120 0.047890
562 118 0.048703
563 120 0.056193
564 120 0.057301
565 121 0.055582
566 121 0.055822
567 120 0.056963
568 120 0.057069
569 120 0.067212
570 120 0.055241
571 125 0.050073
572 117 0.047997
573 117 0.049114
574 120 0.047398
575 118 0.050576
576 117 0.049753
577 118 0.049893
578 117 0.038617
579 124 0.040901
580 201 0.040178
581 117 0.039908
582 106 0.044972
583 117 0.047194
584 117 0.036840
585 191 0.029363
586 32 0.029516
587 35 0.040612
588 35 0.040762
589 109 0.049041
590 26 0.041723
591 33 0.042726
592 100 0.040559
593 32 0.042956
594 93 0.039536
595 32 0.043551
596 93 0.039724
597 79 0.045898
598 79 0.035129
599 87 0.052130
600 64 0.043046
601 93 0.052775
602 79 0.047638
603 44 0.046622
604 87 0.055143
605 79 0.047599
606 72 0.049803
607 77 0.073961
608 92 0.052179
609 81 0.047402
610 81 0.046682
611 82 0.059399
612 81 0.061815
613 71 0.047897
614 71 0.048523
615 37 0.038769
616 79 0.038286
617 37 0.035438
618 43 0.043567
619 58 0.044190
620 44 0.045304
621 67 0.043402
622 58 0.044296
623 58 0.043647
624 58 0.044586
625 62 0.043806
626 63 0.043252
627 24 0.041262
628 23 0.042415
629 65 0.046525
630 38 0.048548
631 38 0.037565
632 67 0.035690
633 71 0.049312
634 71 0.048324
635 93 0.043523
636 79 0.038579
637 71 0.050635
638 71 0.052223
639 93 0.048665
640 93 0.046989
641 71 0.052258
642 79 0.040333
643 79 0.057095
644 79 0.057037
645 79 0.057644
646 81 0.054913
647 81 0.053787
648 71 0.054051
649 93 0.047928
650 64 0.054283
651 79 0.058414
652 79 0.056913
653 79 0.054680
654 77 0.053835
655 69 0.056807
656 96 0.059832
657 93 0.046321
658 71 0.057273
659 71 0.042068
660 67 0.042173
661 79 0.045044
662 69 0.057841
663 79 0.043877
664 79 0.045286
665 81 0.058161
666 79 0.042065
667 79 0.057789
668 79 0.058824
669 79 0.058577
670 79 0.059631
671 81 0.057169
672 79 0.059443
673 79 0.044459
674 69 0.055347
675 79 0.059484
676 65 0.054078
677 79 0.043605
678 79 0.042243
679 69 0.041347
680 66 0.056539
681 66 0.057048
682 67 0.040993
683 73 0.051879
684 79 0.055020
685 73 0.053264
686 92 0.046007
687 73 0.053199
688 67 0.053209
689 77 0.040082
690 65 0.052501
691 65 0.038652
692 65 0.051134
693 78 0.039755
694 60 0.046838
695 60 0.047818
696 69 0.050954
697 84 0.037511
698 34 0.049215
699 234 0.047079
700 31 0.050121
701 62 0.049159
702 474 0.043342
703 28 0.050389
704 604 0.038338
705 592 0.036075
706 58 0.037057
707 72 0.037602
708 608 0.039814
709 67 0.035403
710 65 0.047197
711 65 0.044514
712 608 0.037091
713 72 0.034246
714 72 0.046869
715 612 0.038379
716 616 0.038168
717 602 0.035006
718 84 0.032319
719 314 0.054920
720 30 0.042818
721 589 0.040619
722 22 0.040053
723 621 0.041078
724 549 0.039109
725 61 0.038144
726 621 0.038466
727 620 0.039171
728 117 0.037435
729 22 0.039194
730 119 0.036648
731 94 0.036293
732 94 0.035111
733 111 0.035370
734 589 0.035464
735 87 0.036837
736 590 0.035556
737 595 0.028972
738 109 0.035857
739 587 0.037385
740 591 0.029304
741 111 0.036207
742 523 0.034490
743 590 0.038574
744 523 0.035987
745 589 0.037920
746 588 0.037095
747 118 0.039827
748 588 0.037498
749 235 0.050914
750 118 0.041358
751 234 0.037014
752 121 0.036280
753 632 0.030230
754 65 0.038057
755 632 0.030796
756 616 0.030859
757 636 0.032527
758 616 0.031757
759 631 0.032048
760 629 0.031825
761 225 0.042095
762 225 0.040831
763 233 0.057317
764 488 0.051448
765 228 0.038105
766 88 0.040931
767 230 0.056584
768 229 0.055337
769 88 0.042779
770 88 0.043269
771 116 0.041646
772 234 0.044489
773 332 0.046416
774 332 0.049785
775 332 0.048229
776 330 0.059083
777 332 0.051762
778 338 0.055339
779 352 0.049909
780 343 0.058135
781 358 0.045458
782 332 0.057596
783 619 0.038597
784 88 0.037502
785 486 0.047929
786 315 0.055879
787 231 0.055494
788 486 0.044376
789 486 0.044418
790 317 0.046001
791 492 0.057495
792 485 0.047176
793 328 0.046015
794 486 0.043301
795 486 0.057487
796 317 0.069440
797 334 0.054037
798 354 0.049051
799 351 0.060519
800 352 0.048057
801 488 0.039421
802 332 0.048482
803 337 0.061279
804 338 0.046529
805 231 0.056933
806 229 0.044628
807 229 0.051843
808 234 0.037363
809 234 0.038809
810 316 0.051354
811 234 0.041002
812 234 0.038883
813 225 0.039463
814 510 0.045992
815 332 0.053701
816 332 0.042009
817 225 0.039260
818 506 0.036308
819 364 0.044065
820 343 0.039610
821 343 0.055217
822 362 0.052847
823 343 0.042845
824 342 0.056383
825 351 0.039652
826 524 0.039316
827 364 0.046782
828 515 0.040799
829 342 0.039308
830 339 0.042150
831 339 0.043108
832 339 0.043205
833 339 0.043222
834 339 0.044731
835 352 0.041364
836 517 0.043502
837 329 0.041821
838 234 0.043767
839 507 0.041732
840 132 0.053520
841 507 0.040408
842 506 0.040003
843 509 0.041390
844 317 0.040775
845 508 0.038268
846 508 0.038261
847 317 0.038928
848 506 0.049108
849 506 0.046958
850 506 0.047247
851 482 0.035255
852 483 0.045120
853 252 0.035539
854 256 0.038241
855 259 0.032671
856 303 0.040960
857 303 0.041451
858 305 0.039064
859 502 0.041649
860 259 0.032409
861 466 0.038757
862 502 0.040833
863 466 0.037540
864 304 0.037784
865 306 0.042141
866 255 0.052886
867 253 0.038938
868 253 0.037625
869 279 0.047230
870 255 0.038268
871 253 0.053635
872 478 0.048060
873 478 0.047704
874 502 0.047984
875 502 0.049536
876 252 0.043758
877 252 0.043478
878 466 0.046281
879 467 0.038135
880 467 0.041544
881 304 0.048499
882 303 0.048303
883 257 0.040151
884 259 0.047608
885 301 0.048103
886 280 0.053630
887 253 0.044286
888 252 0.043421
889 456 0.047971
890 467 0.040196
891 481 0.054948
892 253 0.041550
893 503 0.048809
894 314 0.040876
895 313 0.039810
896 314 0.039263
897 314 0.041318
898 315 0.059009
899 329 0.043729
900 254 0.064435
901 787 0.045973
902 787 0.051953
903 310 0.058004
904 311 0.043421
905 313 0.049203
906 312 0.043738
907 330 0.045458
908 517 0.047105
909 330 0.047153
910 234 0.046963
911 330 0.045378
912 807 0.048425
913 330 0.049820
914 509 0.046721
915 330 0.049051
916 188 0.056714
917 339 0.050608
918 339 0.048740
919 342 0.049165
920 342 0.048430
921 820 0.043493
922 349 0.045895
923 352 0.043081
924 352 0.045282
925 357 0.056022
926 338 0.057504
927 332 0.056764
928 773 0.051016
929 333 0.051407
930 332 0.052137
931 336 0.052028
932 332 0.053473
933 332 0.052316
934 332 0.052470
935 336 0.051377
936 332 0.053024
937 336 0.049254
938 336 0.051655
939 332 0.050701
940 767 0.045106
941 336 0.045909
942 769 0.044490
943 343 0.038941
944 749 0.038609
945 345 0.038075
946 343 0.037109
947 344 0.038012
948 353 0.034582
949 13 0.042016
950 127 0.030281
951 16 0.038852
952 424 0.036952
953 424 0.035637
954 424 0.035206
955 424 0.036153
956 213 0.030910
957 213 0.031191
958 213 0.032970
959 212 0.042420
960 213 0.031813
961 125 0.029695
962 451 0.040808
963 420 0.038555
964 420 0.038280
965 416 0.029829
966 447 0.030989
967 413 0.031774
968 445 0.032160
969 773 0.043297
970 772 0.036393
971 351 0.038394
972 351 0.053788
973 352 0.042050
974 352 0.042284
975 349 0.045902
976 353 0.041732
977 371 0.036207
978 374 0.046408
979 353 0.040885
980 368 0.039561
981 351 0.037156
982 367 0.037095
983 355 0.054044
984 354 0.042016
985 355 0.041536
986 360 0.040441
987 8 0.042245
988 11 0.043751
989 362 0.037494
990 351 0.040160
991 13 0.041016
992 13 0.040932
993 184 0.036214
994 185 0.035135
995 13 0.041563
996 423 0.036018
997 565 0.036500
998 745 0.028695
999 590 0.028410
1000 22 0.038395
1001 748 0.035800
1002 13 0.039827
1003 180 0.047819
1004 22 0.041689
1005 565 0.036544
1006 569 0.036528
1007 30 0.040855
1008 421 0.040245
1009 38 0.031106
1010 760 0.039767
1011 124 0.030750
1012 631 0.044546
1013 747 0.036381
1014 698 0.033014
1015 562 0.034219
1016 628 0.038957
1017 28 0.037832
1018 468 0.042516
1019 28 0.039844
1020 63 0.040424
1021 622 0.039227
1022 471 0.033866
1023 30 0.027820
1024 698 0.032204
1025 60 0.035777
1026 38 0.028870
1027 32 0.028352
1028 31 0.038915
1029 61 0.037542
1030 31 0.037776
1031 31 0.037190
1032 38 0.029487
1033 604 0.038356
1034 30 0.036723
1035 624 0.028008
1036 590 0.036458
1037 623 0.037536
1038 38 0.037749
1039 605 0.037861
1040 650 0.034455
1041 58 0.038163
1042 588 0.035986
1043 590 0.038519
1044 33 0.040090
1045 615 0.041649
1046 38 0.029866
1047 37 0.030328
1048 592 0.036289
1049 659 0.033786
1050 61 0.035681
1051 592 0.026916
1052 592 0.036650
1053 703 0.040394
1054 615 0.039755
1055 67 0.038549
1056 58 0.037046
1057 58 0.035881
1058 48 0.034875
1059 49 0.036001
1060 52 0.032933
1061 72 0.033928
1062 687 0.039205
1063 12 0.032564
1064 72 0.034846
1065 417 0.034156
1066 659 0.029835
1067 681 0.038411
1068 683 0.034069
1069 684 0.030433
1070 704 0.028559
1071 38 0.028710
1072 370 0.029704
1073 370 0.030133
1074 684 0.032099
1075 636 0.030729
1076 681 0.026430
1077 434 0.029886
1078 978 0.038284
1079 681 0.024192
1080 67 0.025814
1081 681 0.022536
1082 402 0.028262
1083 437 0.027376
1084 413 0.022207
1085 737 0.023275
1086 371 0.027783
1087 437 0.027569
1088 19 0.022293
1089 42 0.022338
1090 694 0.024617
1091 694 0.019068
1092 603 0.024010
1093 64 0.022414
1094 595 0.023931
1095 64 0.023687
1096 681 0.021470
1097 659 0.020479
1098 681 0.020368
1099 659 0.020421
1100 402 0.028871
1101 410 0.028068
1102 372 0.029959
1103 636 0.026283
1104 377 0.028661
1105 396 0.030156
1106 967 0.019840
1107 371 0.021638
1108 402 0.023683
1109 410 0.029403
1110 410 0.031113
1111 395 0.031631
1112 410 0.032327
1113 410 0.031963
1114 397 0.031059
1115 41 0.024533
1116 1013 0.027147
1117 52 0.025947
1118 376 0.030443
1119 411 0.033767
1120 382 0.033336
1121 428 0.029755
1122 397 0.024651
1123 411 0.031399
1124 411 0.031786
1125 421 0.033272
1126 385 0.026969
1127 385 0.028272
1128 418 0.033585
1129 1008 0.030492
1130 421 0.034884
1131 421 0.024285
1132 428 0.029669
1133 421 0.025018
1134 435 0.030472
1135 383 0.036441
1136 382 0.037014
1137 402 0.037886
1138 1013 0.036843
1139 413 0.027495
1140 377 0.033071
1141 413 0.036464
1142 57 0.028640
1143 413 0.035144
1144 1029 0.028011
1145 823 0.030011
1146 436 0.035654
1147 435 0.035653
1148 1000 0.029471
1149 986 0.034006
1150 397 0.027666
1151 410 0.034025
1152 382 0.027997
1153 382 0.027326
1154 402 0.035527
1155 402 0.034375
1156 418 0.029904
1157 681 0.021202
1158 681 0.020928
1159 393 0.029343
1160 421 0.028797
1161 231 0.019705
1162 967 0.021369
1163 973 0.018081
1164 389 0.022990
1165 1064 0.052018
1166 418 0.029144
1167 382 0.030178
1168 1064 0.058462
1169 1069 0.054962
1170 1064 0.050511
1171 1071 0.048758
1172 1072 0.050238
1173 1073 0.051537
1174 1074 0.052165
1175 1075 0.061317
1176 1073 0.049890
1177 1073 0.053629
1178 1077 0.037861
1179 1079 0.049891
1180 1078 0.059155
1181 1078 0.053252
1182 1078 0.045255
1183 1082 0.058462
1184 1078 0.052986
1185 1078 0.056693
1186 1079 0.064123
1187 1078 0.055840
1188 1078 0.049483
1189 1078 0.048683
1190 1087 0.046335
1191 1090 0.056529
1192 1090 0.062506
1193 1090 0.054305
1194 1090 0.042577
1195 1090 0.047561
1196 1090 0.053568
1197 1087 0.034731
1198 1093 0.056876
1199 1087 0.045107
1200 1087 0.044502
1201 1088 0.035148
1202 1077 0.028686
1203 1090 0.041012
1204 1099 0.035732
1205 1103 0.031016
1206 1086 0.029487
1207 1086 0.029236
1208 1090 0.045788
1209 1089 0.033856
1210 1078 0.034962
1211 1077 0.036490
1212 1110 0.029999
1213 1083 0.035312
1214 1106 0.032246
1215 1077 0.036779
1216 1086 0.035094
1217 1077 0.034446
1218 1077 0.034330
1219 1077 0.034360
1220 1072 0.027029
1221 1077 0.035851
1222 1106 0.030515
1223 1070 0.033498
1224 1077 0.028394
1225 1106 0.029502
1226 1106 0.030628
1227 1088 0.032866
1228 1088 0.031380
1229 1077 0.029985
1230 1088 0.032580
1231 1088 0.033906
1232 1115 0.029879
1233 1102 0.037927
1234 1088 0.033279
1235 1102 0.037808
1236 1107 0.029164
1237 1089 0.034159
1238 1115 0.030934
1239 1116 0.031589
1240 1088 0.033937
1241 1077 0.030647
1242 1107 0.030645
1243 1141 0.031663
1244 1088 0.026341
1245 1141 0.031538
1246 1106 0.030108
1247 1083 0.028425
1248 1106 0.031766
1249 1147 0.033972
1250 1148 0.042875
1251 1088 0.034166
1252 1106 0.032619
1253 1147 0.037026
1254 1088 0.034656
1255 1134 0.029714
1256 1087 0.028332
1257 1134 0.029341
1258 1134 0.028613
1259 1087 0.028383
1260 1147 0.035279
1261 1083 0.028547
1262 1106 0.033761
1263 1092 0.028960
1264 1139 0.035595
1265 1147 0.035873
1266 1141 0.036258
1267 1141 0.036485
1268 1141 0.033691
1269 1141 0.034891
1270 1145 0.036203
1271 1141 0.034506
1272 1141 0.035506
1273 1141 0.036731
1274 1134 0.039231
1275 1174 0.040120
1276 1172 0.032923
1277 1172 0.033494
1278 1174 0.032201
1279 1174 0.032932
1280 1180 0.044159
1281 1180 0.043948
1282 1178 0.061186
1283 1181 0.044552
1284 1178 0.051895
1285 1182 0.064151
1286 1182 0.063587
1287 1182 0.064927
1288 1180 0.063255
1289 1180 0.063483
1290 1174 0.042690
1291 1174 0.041299
1292 1174 0.040960
1293 1148 0.039310
1294 1144 0.036904
1295 1178 0.043653
1296 986 0.034098
1297 369 0.034303
1298 1 0.040315
1299 986 0.033637
1300 367 0.035825
1301 986 0.032544
1302 990 0.044913
1303 140 0.047831
1304 30 0.034647
1305 505 0.041524
1306 515 0.049740
1307 519 0.050855
1308 519 0.049516
1309 519 0.047115
1310 519 0.045024
1311 520 0.060694
1312 519 0.044039
1313 126 0.046929
1314 178 0.051473
1315 518 0.042332
1316 360 0.041245
1317 360 0.042943
1318 517 0.043632
1319 353 0.042076
1320 990 0.035535
1321 367 0.041006
1322 339 0.046206
1323 366 0.038458
1324 519 0.044966
1325 518 0.045715
1326 519 0.051119
1327 517 0.053127
1328 141 0.054182
1329 519 0.048622
1330 253 0.061513
1331 254 0.063026
1332 256 0.044204
1333 257 0.056485
1334 255 0.040987
1335 251 0.053513
1336 251 0.056719
1337 255 0.055896
1338 256 0.043179
1339 496 0.048262
1340 260 0.041368
1341 489 0.048171
1342 256 0.041189
1343 880 0.046148
1344 302 0.042961
1345 467 0.038271
1346 456 0.046307
1347 305 0.045509
1348 864 0.038364
1349 303 0.035314
1350 881 0.037416
1351 881 0.037449
1352 259 0.048796
1353 268 0.054871
1354 277 0.038378
1355 292 0.046372
1356 323 0.046482
1357 515 0.041192
1358 520 0.039917
1359 515 0.038733
1360 514 0.039378
1361 511 0.049990
1362 515 0.051700
1363 516 0.055316
1364 142 0.045975
1365 521 0.066693
1366 521 0.053215
1367 513 0.053398
1368 522 0.055342
1369 242 0.055215
1370 239 0.054349
1371 555 0.156803
1372 243 0.060045
1373 564 0.174148
1374 564 0.220702
1375 564 0.227219
1376 575 0.237921
1377 590 0.232670
1378 590 0.246976
1379 579 0.243430
1380 575 0.244999
1381 564 0.212730
1382 568 0.194552
1383 570 0.192035
1384 576 0.193783
1385 576 0.193217
1386 576 0.189287
1387 576 0.194370
1388 577 0.214839
1389 576 0.191319
1390 576 0.186835
1391 577 0.190082
1392 567 0.201159
1393 577 0.216947
1394 576 0.228291
1395 576 0.237877
1396 581 0.292723
1397 581 0.287447
1398 581 0.289314
1399 582 0.260539
1400 581 0.270481
1401 588 0.280341
1402 581 0.282248
1403 589 0.260163
1404 589 0.225102
1405 592 0.194942
1406 581 0.221908
1407 592 0.178699
1408 583 0.232533
1409 583 0.232964
1410 591 0.198068
1411 602 0.176370
1412 592 0.179358
1413 101 0.049128
1414 99 0.049217
1415 101 0.059343
1416 99 0.049940
1417 101 0.059375
1418 101 0.057596
1419 592 0.191181
1420 592 0.205818
1421 646 0.052202
1422 654 0.047492
1423 599 0.170044
1424 602 0.162273
1425 600 0.170195
1426 602 0.174246
1427 592 0.174140
1428 602 0.179095
1429 602 0.163641
1430 602 0.164343
1431 601 0.165051
1432 602 0.143011
1433 602 0.149397
1434 77 0.047072
1435 604 0.124689
1436 604 0.154271
1437 605 0.114997
1438 605 0.111272
1439 592 0.102124
1440 67 0.049861
1441 65 0.050014
1442 76 0.044877
1443 691 0.042979
1444 77 0.049730
1445 690 0.041181
1446 690 0.040633
1447 499 0.043619
1448 691 0.055087
1449 630 0.054420
1450 633 0.060388
1451 632 0.052136
1452 633 0.054730
1453 644 0.063582
1454 65 0.051657
1455 66 0.054043
1456 667 0.073123
1457 645 0.070348
1458 648 0.071055
1459 639 0.075550
1460 671 0.076472
1461 633 0.063053
1462 90 0.047934
1463 645 0.072494
1464 671 0.057395
1465 676 0.053031
1466 639 0.072087
1467 645 0.067562
1468 677 0.054795
1469 79 0.055613
1470 79 0.055803
1471 606 0.059052
1472 646 0.073016
1473 640 0.069119
1474 640 0.070461
1475 660 0.057006
1476 660 0.055601
1477 656 0.071880
1478 671 0.070931
1479 646 0.069570
1480 669 0.074007
1481 671 0.055486
1482 646 0.074344
1483 665 0.057830
1484 671 0.055739
1485 670 0.072618
1486 676 0.077497
1487 671 0.078015
1488 655 0.057985
1489 665 0.058529
1490 665 0.058553
1491 646 0.075267
1492 662 0.083514
1493 662 0.061749
1494 660 0.080912
1495 662 0.082154
1496 647 0.070351
1497 650 0.070600
1498 660 0.054650
1499 656 0.074471
1500 657 0.072085
1501 647 0.075785
1502 640 0.070439
1503 656 0.070282
1504 639 0.084558
1505 639 0.087824
1506 639 0.068042
1507 650 0.068647
1508 639 0.067545
1509 645 0.061079
1510 669 0.062736
1511 669 0.063690
1512 90 0.042115
1513 65 0.050083
1514 669 0.047372
1515 644 0.045420
1516 646 0.062256
1517 646 0.059295
1518 646 0.060827
1519 71 0.070658
1520 650 0.064046
1521 639 0.059198
1522 67 0.046699
1523 67 0.048047
1524 1052 0.039901
1525 1054 0.040302
1526 72 0.048485
1527 71 0.059673
1528 71 0.078892
1529 69 0.076981
1530 69 0.064148
1531 71 0.076793
1532 78 0.078134
1533 90 0.092955
1534 81 0.091409
1535 81 0.092291
1536 90 0.093027
1537 101 0.097560
1538 93 0.110244
1539 93 0.103746
1540 93 0.108268
1541 90 0.103294
1542 101 0.117376
1543 104 0.121041
1544 98 0.133218
1545 104 0.140556
1546 100 0.149121
1547 100 0.143306
1548 100 0.149249
1549 104 0.137259
1550 100 0.129621
1551 100 0.164291
1552 106 0.177949
1553 107 0.206589
1554 109 0.243347
1555 107 0.237138
1556 110 0.211070
1557 112 0.239252
1558 110 0.219162
1559 740 0.030457
1560 744 0.040124
1561 110 0.235300
1562 119 0.313993
1563 120 0.304191
1564 115 0.281368
1565 119 0.321668
1566 120 0.384780
1567 119 0.431179
1568 118 0.424179
1569 122 0.429312
1570 118 0.358642
1571 124 0.439928
1572 123 0.464169
1573 127 0.428049
1574 127 0.491066
1575 128 0.515644
1576 129 0.483517
1577 131 0.528023
1578 133 0.494373
1579 133 0.579045
1580 135 0.498594
1581 135 0.588078
1582 137 0.571994
1583 137 0.550743
1584 140 0.515536
1585 140 0.542156
1586 141 0.614077
1587 142 0.581637
1588 143 0.649925
1589 144 0.615768
1590 145 0.514839
1591 146 0.573645
1592 147 0.565387
1593 148 0.634045
1594 149 0.486579
1595 150 0.507923
1596 151 0.538762
1597 154 0.386429
1598 154 0.485878
1599 155 0.596851
1600 156 0.550653
1601 157 0.587516
1602 158 0.549020
1603 159 0.485996
1604 160 0.622820
1605 161 0.643990
1606 162 0.620800
1607 163 0.576142
1608 164 0.706048
1609 165 0.651527
1610 166 0.664998
1611 167 0.680240
1612 169 0.520269
1613 169 0.545095
1614 170 0.495562
1615 172 0.588046
1616 173 0.608981
1617 174 0.551871
1618 175 0.528263
1619 176 0.612738
1620 177 0.508906
1621 178 0.618532
1622 179 0.465619
1623 180 0.506319
1624 182 0.664958
1625 183 0.593422
1626 185 0.530330
1627 185 0.453860
1628 187 0.497769
1629 191 0.324296
1630 191 0.459058
1631 191 0.468026
1632 194 0.468105
1633 196 0.391502
1634 198 0.420161
1635 198 0.343521
1636 202 0.362757
1637 200 0.321049
1638 202 0.256820
1639 202 0.277624
1640 203 0.238682
1641 202 0.202291
1642 201 0.198987
1643 202 0.179471
1644 213 0.145046
1645 213 0.131553
1646 456 0.048531
1647 305 0.049561
1648 884 0.048009
1649 191 0.066001
1650 191 0.067401
1651 196 0.075100
1652 194 0.077570
1653 221 0.070040
1654 197 0.088107
1655 173 0.058238
1656 185 0.072941
1657 195 0.060130
1658 196 0.048193
1659 176 0.040730
1660 195 0.064908
1661 1328 0.043101
1662 147 0.051731
1663 135 0.055092
1664 151 0.056236
1665 198 0.056165
1666 197 0.066014
1667 1327 0.062320
1668 1327 0.042338
1669 1359 0.045255
1670 1328 0.052888
1671 141 0.049818
1672 176 0.039626
1673 183 0.037310
1674 454 0.047038
1675 881 0.052153
1676 456 0.048933
1677 880 0.038139
1678 881 0.038138
1679 454 0.044672
1680 302 0.042554
1681 880 0.045121
1682 175 0.047861
1683 178 0.066348
1684 171 0.062440
1685 177 0.050344
1686 321 0.045989
1687 525 0.038156
1688 525 0.037546
1689 153 0.047677
1690 1584 0.048248
1691 174 0.050616
1692 174 0.051215
1693 191 0.046607
1694 175 0.045895
1695 855 0.038608
1696 857 0.036932
1697 525 0.035138
1698 191 0.043812
1699 191 0.042534
1700 525 0.035945
1701 855 0.036884
1702 191 0.042022
1703 539 0.039391
1704 539 0.039453
1705 534 0.038504
1706 527 0.043870
1707 536 0.038634
1708 529 0.040284
1709 546 0.029007
1710 539 0.038066
1711 200 0.030228
1712 856 0.036533
1713 585 0.034088
1714 855 0.037510
1715 527 0.031997
1716 1328 0.033021
1717 856 0.036381
1718 1584 0.041425
1719 1328 0.031312
1720 854 0.035426
1721 860 0.034743
1722 574 0.034638
1723 202 0.039669
1724 213 0.040933
1725 213 0.029008
1726 213 0.030430
1727 191 0.038626
1728 525 0.032619
1729 525 0.034023
1730 524 0.033326
1731 523 0.035445
1732 525 0.036377
1733 530 0.036306
1734 530 0.046586
1735 191 0.044442
1736 520 0.038506
1737 1635 0.045632
1738 1327 0.038111
1739 519 0.059106
1740 1307 0.038324
1741 1001 0.039007
1742 1307 0.037029
1743 519 0.039146
1744 1633 0.040785
1745 525 0.033645
1746 191 0.041111
1747 456 0.040154
1748 480 0.046382
1749 858 0.037023
1750 480 0.033995
1751 474 0.045799
1752 476 0.043051
1753 482 0.036094
1754 455 0.042206
1755 1645 0.045968
1756 482 0.038063
1757 480 0.035998
1758 482 0.051536
1759 184 0.050830
1760 480 0.050320
1761 184 0.036640
1762 1626 0.036175
1763 1626 0.039288
1764 1625 0.038249
1765 1625 0.038328
1766 181 0.050519
1767 185 0.038886
1768 448 0.044768
1769 181 0.051323
1770 1625 0.039146
1771 1625 0.052250
1772 449 0.042765
1773 180 0.049222
1774 448 0.042532
1775 183 0.034383
1776 180 0.049076
1777 453 0.041235
1778 1037 0.033678
1779 1378 0.035853
1780 1645 0.032313
1781 451 0.030660
1782 1643 0.042409
1783 243 0.048714
1784 851 0.039709
1785 219 0.036568
1786 219 0.034655
1787 219 0.048777
1788 850 0.038895
1789 221 0.049821
1790 230 0.054710
1791 243 0.046412
1792 861 0.038659
1793 219 0.035249
1794 218 0.048307
1795 220 0.049873
1796 219 0.048088
1797 1645 0.034378
1798 218 0.048448
1799 478 0.035299
1800 853 0.035146
1801 501 0.044639
1802 251 0.041054
1803 251 0.040916
1804 902 0.038429
1805 1332 0.047094
1806 1337 0.046414
1807 1332 0.048049
1808 1332 0.047982
1809 251 0.043209
1810 902 0.040999
1811 909 0.052391
1812 251 0.043249
1813 904 0.054779
1814 902 0.040983
1815 480 0.051408
1816 479 0.052082
1817 909 0.039704
1818 909 0.040931
1819 480 0.042377
1820 853 0.043332
1821 908 0.057991
1822 1332 0.051533
1823 1660 0.059555
1824 1592 0.052289
1825 185 0.059572
1826 1665 0.046294
1827 251 0.048009
1828 251 0.046037
1829 900 0.041349
1830 1331 0.038053
1831 1331 0.036014
1832 1332 0.046089
1833 1674 0.037488
1834 1649 0.039024
1835 1649 0.052197
1836 1675 0.052916
1837 1674 0.049548
1838 180 0.041378
1839 1674 0.050095
1840 1333 0.051381
1841 191 0.049256
1842 1676 0.052784
1843 481 0.041503
1844 1648 0.051515
1845 454 0.046524
1846 1679 0.047087
1847 1645 0.040170
1848 253 0.062209
1849 253 0.047412
1850 451 0.048852
1851 481 0.042147
1852 253 0.050069
1853 256 0.055116
1854 1648 0.045957
1855 1674 0.058832
1856 1649 0.061288
1857 1648 0.046768
1858 1681 0.048928
1859 1699 0.046872
1860 1696 0.044594
1861 1696 0.046059
1862 152 0.045585
1863 1696 0.045010
1864 152 0.059368
1865 152 0.056547
1866 1697 0.044851
1867 151 0.043197
1868 152 0.063166
1869 152 0.043443
1870 176 0.061255
1871 176 0.046021
1872 151 0.063554
1873 152 0.049161
1874 176 0.051467
1875 176 0.050942
1876 176 0.051985
1877 1651 0.063116
1878 321 0.062842
1879 1612 0.051043
1880 514 0.052735
1881 1617 0.050025
1882 531 0.045047
1883 1652 0.043950
1884 1359 0.052844
1885 169 0.050935
1886 1614 0.048822
1887 1623 0.049173
1888 1685 0.055444
1889 169 0.053839
1890 345 0.057200
1891 169 0.053143
1892 1628 0.049371
1893 187 0.047980
1894 350 0.049887
1895 1625 0.048897
1896 1658 0.052661
1897 1766 0.049971
1898 185 0.046566
1899 1766 0.052119
1900 1762 0.049156
1901 1766 0.051930
1902 1329 0.043947
1903 1763 0.039516
1904 524 0.050827
1905 342 0.051874
1906 185 0.048586
1907 248 0.044890
1908 346 0.067486
1909 343 0.052936
1910 179 0.056199
1911 134 0.053785
1912 519 0.044838
1913 519 0.049427
1914 519 0.047812
1915 519 0.047102
1916 519 0.047721
1917 519 0.048152
1918 519 0.049819
1919 519 0.047432
1920 195 0.049744
1921 518 0.044764
1922 1307 0.043232
1923 318 0.043461
1924 187 0.052547
1925 180 0.050418
1926 180 0.052641
1927 180 0.051312
1928 187 0.037597
1929 187 0.037519
1930 215 0.034870
1931 530 0.036679
1932 448 0.044704
1933 1825 0.038384
1934 1631 0.044675
1935 213 0.037197
1936 1827 0.036386
1937 201 0.043626
1938 1824 0.047954
1939 1827 0.046507
1940 1726 0.035903
1941 204 0.042713
1942 955 0.038342
1943 210 0.032034
1944 954 0.035307
1945 204 0.040506
1946 203 0.040568
1947 205 0.040259
1948 209 0.038850
1949 204 0.041231
1950 950 0.036811
1951 929 0.032579
1952 954 0.035804
1953 929 0.034037
1954 831 0.039407
1955 364 0.032068
1956 364 0.042541
1957 340 0.050923
1958 363 0.034691
1959 951 0.037688
1960 345 0.039760
1961 364 0.033750
1962 364 0.033597
1963 345 0.040180
1964 346 0.052219
1965 346 0.055451
1966 1839 0.047429
1967 1839 0.048942
1968 1763 0.044131
1969 1825 0.037273
1970 1825 0.037582
1971 349 0.047854
1972 14 0.042863
1973 1825 0.036876
1974 350 0.037353
1975 348 0.039652
1976 366 0.047272
1977 1771 0.043432
1978 1769 0.041683
1979 1770 0.042157
1980 345 0.040096
1981 348 0.039242
1982 1825 0.050597
1983 1825 0.037742
1984 1769 0.045347
1985 1765 0.042466
1986 1766 0.042936
1987 1772 0.042822
1988 1765 0.040804
1989 366 0.047512
1990 366 0.045751
1991 1323 0.046998
1992 1892 0.041792
1993 1325 0.044202
1994 1764 0.040592
1995 183 0.048050
1996 1625 0.049023
1997 1767 0.043532
1998 1625 0.047085
1999 1766 0.042115
2000 1759 0.041340
2001 1842 0.044745
2002 1647 0.044528
2003 1843 0.046802
2004 1849 0.036429
2005 1849 0.035535
2006 1832 0.044187
2007 1849 0.048024
2008 1855 0.038663
2009 1838 0.047301
2010 1841 0.045276
2011 1843 0.045689
2012 1854 0.051868
2013 1851 0.044464
2014 1855 0.048691
2015 481 0.034971
2016 1855 0.037359
2017 1838 0.033553
2018 1763 0.043547
2019 1775 0.039515
2020 1774 0.040574
2021 1768 0.043026
2022 1769 0.044618
2023 1768 0.043699
2024 1854 0.037767
2025 1854 0.036650
2026 1839 0.043971
2027 1849 0.034066
2028 1850 0.044940
2029 456 0.042931
2030 456 0.043030
2031 1855 0.037372
2032 1774 0.039400
2033 1832 0.043951
2034 1836 0.035618
2035 1841 0.045402
2036 1843 0.043776
2037 482 0.036958
2038 481 0.049081
2039 1850 0.047118
2040 481 0.037400
2041 481 0.049591
2042 481 0.047356
2043 482 0.037087
2044 482 0.036927
2045 850 0.037047
2046 483 0.047226
2047 1775 0.039789
2048 1817 0.044853
2049 1818 0.048319
2050 1759 0.042196
2051 1766 0.043604
2052 1767 0.043930
2053 1738 0.040838
2054 482 0.036712
2055 992 0.039898
2056 832 0.044010
2057 1316 0.044322
2058 1665 0.037043
2059 1767 0.042645
2060 825 0.041458
2061 1002 0.038756
2062 995 0.041239
2063 987 0.042301
2064 833 0.043756
2065 366 0.034742
2066 354 0.038057
2067 1319 0.032618
2068 1315 0.040931
2069 1027 0.034579
2070 1065 0.033221
2071 1319 0.042167
2072 1047 0.033968
2073 1324 0.041807
2074 990 0.040658
2075 990 0.040796
2076 1323 0.041394
2077 1317 0.030661
2078 1319 0.040096
2079 832 0.040855
2080 367 0.031692
2081 990 0.038294
2082 1324 0.038925
2083 366 0.043119
2084 1970 0.036969
2085 1321 0.030941
2086 366 0.043117
2087 1317 0.031630
2088 1317 0.041279
2089 1317 0.040391
2090 1321 0.030994
2091 1 0.032943
2092 1317 0.038063
2093 1318 0.038131
2094 1318 0.038517
2095 1961 0.036149
2096 1959 0.036389
2097 1961 0.034952
2098 1959 0.033212
2099 1317 0.037320
2100 2 0.035169
2101 2 0.034402
2102 1317 0.029677
2103 1959 0.036580
2104 1317 0.030439
2105 0 0.032830
2106 1318 0.035774
2107 2 0.034853
2108 3 0.035805
2109 1320 0.027736
2110 1959 0.035588
2111 1961 0.034964
2112 1959 0.034863
2113 1961 0.034650
2114 1959 0.035590
2115 3 0.036906
2116 1959 0.035146
2117 3 0.037914
2118 1 0.034217
2119 1 0.033830
2120 366 0.029268
2121 1961 0.034884
2122 1317 0.027840
2123 2 0.033534
2124 1316 0.034567
2125 1315 0.037178
2126 1318 0.038373
2127 1958 0.033704
2128 364 0.036921
2129 834 0.027101
2130 1961 0.033662
2131 1316 0.037244
2132 1924 0.038863
2133 1317 0.030521
2134 1895 0.033643
2135 1913 0.033205
2136 1894 0.036044
2137 1308 0.032320
2138 1317 0.031094
2139 1899 0.036100
2140 1900 0.036245
2141 1993 0.040512
2142 1899 0.035764
2143 1316 0.045337
2144 1899 0.036781
2145 1895 0.040877
2146 1898 0.038121
2147 1976 0.056854
2148 1989 0.046046
2149 1315 0.049143
2150 1892 0.046711
2151 1894 0.043426
2152 1892 0.044602
2153 1892 0.045416
2154 1895 0.042244
2155 1764 0.045383
2156 2046 0.044833
2157 873 0.043765
2158 2039 0.045510
2159 2045 0.042636
2160 2046 0.044103
2161 2047 0.046447
2162 482 0.040346
2163 2045 0.041414
2164 2047 0.047592
2165 852 0.042040
2166 482 0.043388
2167 2042 0.042898
2168 2039 0.045086
2169 478 0.036548
2170 476 0.051276
2171 467 0.040946
2172 1868 0.056758
2173 2041 0.045422
2174 2042 0.041351
2175 252 0.043543
2176 478 0.051297
2177 1872 0.039790
2178 253 0.041945
2179 455 0.043590
2180 1868 0.053466
2181 1868 0.039289
2182 2029 0.040174
2183 480 0.046277
2184 480 0.047633
2185 2039 0.040018
2186 482 0.046832
2187 2037 0.038369
2188 875 0.039731
2189 875 0.040364
2190 875 0.041196
2191 903 0.043903
2192 905 0.034528
2193 905 0.047921
2194 904 0.045046
2195 316 0.046264
2196 912 0.046648
2197 905 0.034354
2198 2049 0.040053
2199 903 0.030999
2200 495 0.030244
2201 1787 0.036401
2202 1790 0.035537
2203 875 0.038469
2204 476 0.042523
2205 1790 0.038578
2206 1340 0.030708
2207 893 0.038603
2208 850 0.035166
2209 873 0.037858
2210 1788 0.037814
2211 503 0.034319
2212 236 0.050882
2213 1788 0.041100
2214 849 0.039177
2215 507 0.037554
2216 509 0.037946
2217 1685 0.043355
2218 876 0.047711
2219 873 0.042211
2220 1692 0.045419
2221 1697 0.040451
2222 891 0.044797
2223 887 0.043367
2224 887 0.042370
2225 873 0.040746
2226 887 0.046403
2227 1697 0.040189
2228 1364 0.040289
2229 873 0.040318
2230 507 0.036717
2231 866 0.039567
2232 239 0.034544
2233 239 0.036267
2234 240 0.034546
2235 240 0.035017
2236 900 0.045469
2237 865 0.038236
2238 240 0.034393
2239 239 0.035448
2240 255 0.036389
2241 1727 0.034293
2242 255 0.051844
2243 873 0.040437
2244 1727 0.036121
2245 240 0.048440
2246 874 0.041166
2247 240 0.036353
2248 1728 0.036310
2249 504 0.047684
2250 255 0.053239
2251 237 0.048509
2252 240 0.035646
2253 502 0.033979
2254 1729 0.037288
2255 1707 0.037564
2256 860 0.038512
2257 860 0.040102
2258 860 0.038924
2259 1720 0.036854
2260 1641 0.030851
2261 1720 0.036346
2262 856 0.040277
2263 1715 0.039431
2264 1715 0.037932
2265 1714 0.030785
2266 1721 0.038729
2267 1714 0.031158
2268 1730 0.039247
2269 1364 0.045471
2270 1716 0.041118
2271 201 0.049595
2272 1722 0.041062
2273 1728 0.039095
2274 1711 0.031344
2275 1636 0.037227
2276 200 0.036692
2277 1727 0.038616
2278 1575 0.048128
2279 508 0.042202
2280 506 0.044547
2281 509 0.044770
2282 522 0.044814
2283 1892 0.050537
2284 522 0.046043
2285 525 0.045887
2286 184 0.044526
2287 1903 0.043544
2288 1900 0.044233
2289 1900 0.047932
2290 1895 0.048341
2291 1895 0.048666
2292 1773 0.049490
2293 1771 0.047972
2294 900 0.040980
2295 447 0.038188
2296 447 0.038254
2297 841 0.036784
2298 445 0.039285
2299 1906 0.046893
2300 1819 0.039936
2301 1835 0.051301
2302 1827 0.037794
2303 1810 0.046420
2304 917 0.037776
2305 1905 0.037030
2306 800 0.042530
2307 1810 0.048834
2308 1823 0.040914
2309 1823 0.039565
2310 1831 0.041714
2311 1573 0.033283
2312 451 0.044659
2313 1757 0.039422
2314 1573 0.031259
2315 125 0.032624
2316 125 0.031263
2317 562 0.034956
2318 448 0.038879
2319 1834 0.030434
2320 539 0.038505
2321 1835 0.031175
2322 186 0.044759
2323 1574 0.039920
2324 214 0.030545
2325 1835 0.051760
2326 2026 0.036617
2327 1835 0.042425
2328 1928 0.040794
2329 1649 0.040693
2330 215 0.040616
2331 1647 0.040769
2332 217 0.040286
2333 220 0.030440
2334 219 0.039931
2335 1647 0.039202
2336 219 0.030469
2337 219 0.039546
2338 1723 0.030964
2339 218 0.030624
2340 1641 0.036333
2341 1645 0.039880
2342 1871 0.042704
2343 219 0.031284
2344 1856 0.045298
2345 1646 0.038374
2346 1647 0.037411
2347 1647 0.029269
2348 1870 0.042175
2349 1872 0.031502
2350 455 0.036427
2351 2028 0.033685
2352 454 0.035532
2353 1849 0.028815
2354 1849 0.041044
2355 1846 0.037898
2356 447 0.036429
2357 1845 0.035964
2358 1872 0.029414
2359 1871 0.030182
2360 1777 0.034142
2361 448 0.037966
2362 1622 0.030791
2363 171 0.042022
2364 447 0.037095
2365 163 0.040441
2366 169 0.032591
2367 172 0.037574
2368 157 0.027521
2369 1015 0.031214
2370 451 0.036688
2371 1006 0.043359
2372 998 0.035375
2373 997 0.026147
2374 1004 0.035736
2375 445 0.035715
2376 445 0.037400
2377 976 0.038290
2378 995 0.034014
2379 980 0.040345
2380 374 0.067551
2381 387 0.063896
2382 1010 0.045101
2383 418 0.038078
2384 984 0.040165
2385 1007 0.036750
2386 1010 0.039154
2387 381 0.062717
2388 387 0.065837
2389 387 0.069809
2390 389 0.063127
2391 409 0.047727
2392 408 0.047977
2393 389 0.065378
2394 414 0.046677
2395 411 0.046088
2396 380 0.076432
2397 389 0.079161
2398 385 0.064456
2399 976 0.035618
2400 381 0.072293
2401 389 0.080191
2402 389 0.081733
2403 377 0.090349
2404 374 0.086888
2405 374 0.073451
2406 423 0.042578
2407 373 0.088587
2408 371 0.097994
2409 421 0.047076
2410 364 0.049954
2411 984 0.035946
2412 378 0.110013
2413 975 0.037031
2414 376 0.131805
2415 385 0.170916
2416 376 0.164571
2417 376 0.177568
2418 374 0.176760
2419 375 0.209476
2420 387 0.282057
2421 379 0.261107
2422 386 0.294180
2423 386 0.289045
2424 379 0.317163
2425 379 0.315466
2426 386 0.341770
2427 381 0.329197
2428 386 0.373092
2429 380 0.312840
2430 389 0.299974
2431 380 0.345404
2432 392 0.293648
2433 384 0.314830
2434 382 0.394133
2435 385 0.376771
2436 385 0.421297
2437 386 0.436245
2438 390 0.466143
2439 387 0.460248
2440 390 0.471759
2441 389 0.531732
2442 390 0.518215
2443 390 0.559202
2444 390 0.536807
2445 390 0.512147
2446 393 0.497228
2447 394 0.466071
2448 395 0.560778
2449 397 0.544907
2450 397 0.584305
2451 398 0.512566
2452 397 0.445565
2453 402 0.427819
2454 402 0.563944
2455 403 0.493605
2456 403 0.454466
2457 406 0.503451
2458 406 0.536225
2459 407 0.513112
2460 409 0.480676
2461 413 0.499362
2462 414 0.461910
2463 414 0.442745
2464 415 0.385006
2465 415 0.296572
2466 414 0.315566
2467 415 0.338258
2468 414 0.306723
2469 415 0.271948
2470 416 0.291705
2471 414 0.246862
2472 416 0.241245
2473 416 0.230532
2474 416 0.213214
2475 416 0.219076
2476 416 0.257128
2477 404 0.137542
2478 402 0.123560
2479 410 0.148626
2480 411 0.141909
2481 418 0.176384
2482 418 0.175464
2483 418 0.163725
2484 418 0.183484
2485 418 0.153343
2486 418 0.147326
2487 416 0.153889
2488 418 0.162637
2489 2382 0.038511
2490 389 0.091849
2491 418 0.130584
2492 1152 0.039051
2493 418 0.116309
2494 418 0.128707
2495 421 0.117229
2496 418 0.128907
2497 418 0.105901
2498 415 0.117097
2499 418 0.108606
2500 411 0.099358
2501 418 0.094363
2502 418 0.095832
2503 422 0.105461
2504 421 0.105855
2505 409 0.068310
2506 421 0.091620
2507 424 0.084004
2508 421 0.089484
2509 415 0.078618
2510 410 0.075015
2511 418 0.083908
2512 2388 0.055767
2513 2388 0.056876
2514 418 0.074250
2515 418 0.072583
2516 418 0.059095
2517 418 0.046888
2518 408 0.054973
2519 409 0.047041
2520 408 0.044580
2521 970 0.042469
2522 772 0.034270
2523 710 0.034568
2524 409 0.045068
2525 319 0.038050
2526 415 0.069612
2527 2404 0.063901
2528 409 0.062445
2529 408 0.052724
2530 409 0.062978
2531 410 0.052401
2532 2400 0.049358
2533 2399 0.049684
2534 2403 0.054431
2535 2400 0.051635
2536 694 0.054912
2537 697 0.044729
2538 786 0.048688
2539 1024 0.041387
2540 244 0.040600
2541 315 0.045872
2542 316 0.042041
2543 471 0.056843
2544 702 0.040013
2545 702 0.039332
2546 704 0.039923
2547 307 0.048043
2548 285 0.052082
2549 1020 0.044356
2550 236 0.057731
2551 451 0.052182
2552 234 0.051645
2553 250 0.049254
2554 233 0.066500
2555 253 0.070748
2556 839 0.044060
2557 1310 0.057905
2558 509 0.052016
2559 518 0.052195
2560 1665 0.050120
2561 1665 0.050136
2562 1306 0.048140
2563 342 0.053170
2564 1879 0.049352
2565 345 0.049014
2566 349 0.048068
2567 345 0.044759
2568 1885 0.043831
2569 1886 0.042733
2570 1886 0.043574
2571 244 0.043562
2572 257 0.047001
2573 1838 0.041836
2574 1352 0.052384
2575 251 0.049734
2576 313 0.048983
2577 313 0.050533
2578 271 0.048474
2579 324 0.044983
2580 506 0.047558
2581 250 0.050171
2582 317 0.048638
2583 318 0.049973
2584 317 0.047235
2585 328 0.047583
2586 1893 0.053041
2587 318 0.048667
2588 333 0.057158
2589 506 0.047358
2590 1924 0.050697
2591 345 0.048742
2592 184 0.039388
2593 150 0.038578
2594 902 0.040954
2595 228 0.043310
2596 234 0.047837
2597 234 0.049281
2598 872 0.046917
2599 235 0.045393
2600 189 0.038680
2601 2247 0.033790
2602 503 0.035466
2603 248 0.038927
2604 2236 0.041294
2605 503 0.036325
2606 503 0.035250
2607 234 0.039354
2608 233 0.034402
2609 256 0.051423
2610 854 0.047957
2611 235 0.036960
2612 242 0.036962
2613 858 0.038816
2614 496 0.031065
2615 1751 0.036802
2616 848 0.039629
2617 1804 0.042347
2618 224 0.039413
2619 228 0.041286
2620 318 0.055771
2621 313 0.041636
2622 318 0.054539
2623 313 0.044225
2624 232 0.056264
2625 313 0.060504
2626 313 0.059912
2627 2195 0.045330
2628 335 0.047625
2629 231 0.049445
2630 231 0.047979
2631 767 0.051936
2632 336 0.052453
2633 787 0.053208
2634 333 0.052156
2635 332 0.051661
2636 787 0.045437
2637 769 0.047169
2638 786 0.043195
2639 249 0.052767
2640 235 0.039380
2641 236 0.052074
2642 251 0.055719
2643 248 0.052964
2644 329 0.053878
2645 327 0.055124
2646 249 0.057614
2647 249 0.070344
2648 249 0.067385
2649 247 0.054583
2650 318 0.059061
2651 239 0.056014
2652 229 0.075661
2653 236 0.053677
2654 229 0.057765
2655 787 0.044901
2656 317 0.046344
2657 812 0.045645
2658 2195 0.041605
2659 2191 0.041964
2660 2541 0.053159
2661 315 0.043135
2662 907 0.051125
2663 284 0.040854
2664 242 0.054187
2665 867 0.043908
2666 882 0.049028
2667 268 0.039714
2668 292 0.047212
2669 900 0.054052
2670 244 0.054522
2671 308 0.051171
2672 244 0.054067
2673 289 0.052959
2674 490 0.051765
2675 496 0.047708
2676 291 0.050232
2677 289 0.052596
2678 289 0.051857
2679 866 0.046234
2680 237 0.054868
2681 869 0.043635
2682 2246 0.044771
2683 311 0.040817
2684 869 0.044196
2685 239 0.057427
2686 239 0.056598
2687 277 0.040707
2688 250 0.045772
2689 311 0.043212
2690 248 0.055128
2691 504 0.039724
2692 2246 0.046153
2693 2247 0.045291
2694 2229 0.044720
2695 905 0.042512
2696 244 0.041738
2697 312 0.042723
2698 2580 0.043524
2699 312 0.042545
2700 1783 0.035831
2701 315 0.043683
2702 1791 0.044283
2703 2193 0.042332
2704 488 0.040546
2705 315 0.041507
2706 315 0.042680
2707 308 0.038297
2708 275 0.043646
2709 2547 0.050134
2710 315 0.044479
2711 314 0.044435
2712 2541 0.039877
2713 311 0.042242
2714 279 0.042376
2715 315 0.044620
2716 315 0.046460
2717 315 0.044497
2718 275 0.044528
2719 309 0.052019
2720 314 0.044504
2721 268 0.043319
2722 268 0.044854
2723 321 0.042136
2724 277 0.045906
2725 244 0.043722
2726 282 0.058705
2727 277 0.050375
2728 280 0.047018
2729 277 0.049154
2730 277 0.048996
2731 324 0.047236
2732 2569 0.054972
2733 277 0.049444
2734 277 0.047347
2735 277 0.045893
2736 280 0.059390
2737 277 0.047765
2738 277 0.048467
2739 278 0.048515
2740 277 0.050790
2741 274 0.054768
2742 258 0.050287
2743 252 0.070900
2744 884 0.048213
2745 268 0.046354
2746 281 0.048641
2747 278 0.060015
2748 281 0.058448
2749 1354 0.046458
2750 270 0.045711
2751 269 0.046080
2752 269 0.061263
2753 270 0.043722
2754 2572 0.060079
2755 281 0.059773
2756 2572 0.041874
2757 282 0.051090
2758 2573 0.055867
2759 2153 0.049626
2760 345 0.043790
2761 2149 0.049747
2762 2137 0.042732
2763 2154 0.050186
2764 831 0.052476
2765 2146 0.053654
2766 1317 0.059021
2767 2150 0.043376
2768 1658 0.057413
2769 1325 0.044336
2770 1322 0.043535
2771 2147 0.038838
2772 1317 0.040073
2773 2143 0.049431
2774 2149 0.036480
2775 353 0.042318
2776 2059 0.045233
2777 351 0.043325
2778 820 0.043733
2779 343 0.050763
2780 2574 0.044163
2781 2550 0.057803
2782 1817 0.052072
2783 1812 0.051593
2784 1755 0.045674
2785 1330 0.039272
2786 2596 0.041287
2787 1758 0.047072
2788 904 0.041746
2789 2574 0.040838
2790 904 0.043470
2791 902 0.045016
2792 2156 0.057157
2793 909 0.059826
2794 2159 0.045800
2795 2156 0.045917
2796 2150 0.044733
2797 1910 0.049684
2798 329 0.054004
2799 329 0.055895
2800 319 0.054232
2801 2156 0.065756
2802 2569 0.063316
2803 328 0.055947
2804 2587 0.055878
2805 1893 0.061029
2806 2586 0.057426
2807 2152 0.065148
2808 328 0.057753
2809 2583 0.062904
2810 317 0.059642
2811 317 0.059312
2812 317 0.064504
2813 2580 0.062926
2814 2191 0.054643
2815 903 0.055199
2816 2156 0.053876
2817 2048 0.059076
2818 329 0.056625
2819 925 0.054564
2820 2588 0.056646
2821 328 0.054224
2822 2562 0.053896
2823 916 0.051563
2824 2560 0.059452
2825 2561 0.057194
2826 2560 0.057691
2827 2560 0.053987
2828 2035 0.054367
2829 800 0.057053
2830 800 0.056729
2831 796 0.061009
2832 921 0.048862
2833 900 0.053678
2834 900 0.049734
2835 1889 0.062379
2836 922 0.067336
2837 1888 0.061101
2838 1888 0.058230
2839 2570 0.060737
2840 1889 0.057643
2841 1889 0.056162
2842 2292 0.050805
2843 2292 0.050702
2844 2000 0.053177
2845 1816 0.063366
2846 2289 0.052446
2847 2289 0.053027
2848 1967 0.044957
2849 441 0.038852
2850 438 0.039299
2851 438 0.038075
2852 424 0.046794
2853 435 0.037283
2854 438 0.037542
2855 1253 0.034659
2856 1253 0.036340
2857 1250 0.043926
2858 1253 0.036542
2859 1247 0.046934
2860 1251 0.045458
2861 1252 0.036733
2862 1252 0.046805
2863 1252 0.045458
2864 1252 0.046202
2865 1262 0.034730
2866 1253 0.034629
2867 1253 0.034809
2868 1253 0.034462
2869 1257 0.031422
2870 1253 0.031175
2871 1256 0.039650
2872 2461 0.035151
2873 1253 0.031055
2874 1256 0.040268
2875 1256 0.038153
2876 1256 0.037697
2877 1256 0.040014
2878 1259 0.040755
2879 1246 0.041400
2880 1247 0.032327
2881 1283 0.037320
2882 1246 0.042324
2883 1283 0.036570
2884 1242 0.032968
2885 1255 0.043370
2886 1228 0.037704
2887 1249 0.041972
2888 1262 0.033990
2889 1249 0.041008
2890 1242 0.034729
2891 1242 0.034041
2892 1260 0.043657
2893 1257 0.034659
2894 1244 0.044607
2895 1262 0.035379
2896 1262 0.033955
2897 1278 0.036117
2898 1262 0.047979
2899 1278 0.036355
2900 1257 0.045035
2901 1257 0.044149
2902 1277 0.034741
2903 1253 0.034023
2904 1257 0.033214
2905 1255 0.032253
2906 1262 0.032526
2907 1255 0.030462
2908 1242 0.030471
2909 1284 0.033730
2910 1199 0.030281
2911 1199 0.032406
2912 1281 0.034174
2913 1199 0.033495
2914 1199 0.031985
2915 1201 0.034727
2916 1203 0.032841
2917 1201 0.035169
2918 1284 0.036395
2919 1283 0.039440
2920 1229 0.031479
2921 1201 0.034546
2922 1215 0.042102
2923 1227 0.048461
2924 1244 0.044566
2925 1256 0.033578
2926 1285 0.035729
2927 1251 0.033109
2928 1251 0.042048
2929 1155 0.042903
2930 1293 0.036581
2931 1171 0.037210
2932 1145 0.043896
2933 1201 0.043478
2934 1149 0.041961
2935 1160 0.036746
2936 1294 0.033770
2937 1260 0.041324
2938 1159 0.038184
2939 1147 0.036222
2940 1084 0.036309
2941 1292 0.035518
2942 1150 0.033904
2943 1150 0.034501
2944 1145 0.034649
2945 1296 0.040629
2946 1296 0.044360
2947 1296 0.043925
2948 1297 0.042214
2949 2848 0.057424
2950 1296 0.043657
2951 1296 0.042194
2952 1297 0.041361
2953 1297 0.042211
2954 1298 0.058615
2955 1296 0.044221
2956 1299 0.041411
2957 1296 0.044923
2958 2089 0.046010
2959 1297 0.041258
2960 1296 0.041128
2961 1297 0.040465
2962 8 0.040885
2963 0 0.048363
2964 363 0.047362
2965 360 0.053602
2966 363 0.050562
2967 363 0.048478
2968 363 0.046651
2969 348 0.047579
2970 348 0.046974
2971 348 0.043809
2972 349 0.041422
2973 348 0.044914
2974 1891 0.039951
2975 363 0.048941
2976 346 0.037888
2977 366 0.032491
2978 1891 0.038554
2979 983 0.039796
2980 366 0.032638
2981 363 0.035487
2982 363 0.036251
2983 2410 0.039684
2984 947 0.036627
2985 952 0.038064
2986 1298 0.042530
2987 1298 0.031023
2988 952 0.035581
2989 951 0.032453
2990 1298 0.029364
2991 1298 0.029210
2992 1298 0.028624
2993 1298 0.029048
2994 1300 0.033931
2995 1298 0.028381
2996 1297 0.037067
2997 1146 0.030846
2998 1297 0.036231
2999 1150 0.028768
3000 395 0.024834
3001 985 0.036491
3002 398 0.025171
3003 1194 0.024532
3004 398 0.025311
3005 2416 0.032764
3006 2415 0.037465
3007 382 0.035224
3008 383 0.035036
3009 372 0.034287
3010 374 0.042505
3011 372 0.033508
3012 1298 0.044303
3013 372 0.033811
3014 372 0.034387
3015 368 0.033300
3016 986 0.045801
3017 373 0.035388
3018 7 0.034004
3019 365 0.037480
3020 12 0.034305
3021 371 0.037590
3022 12 0.036122
3023 367 0.041229
3024 2778 0.054229
3025 2375 0.038537
3026 2799 0.054407
3027 2801 0.058201
3028 2807 0.058715
3029 2802 0.060705
3030 2838 0.054793
3031 2833 0.060442
3032 2837 0.056735
3033 2833 0.057803
3034 1823 0.049750
3035 2803 0.063720
3036 2819 0.065681
3037 2832 0.058396
3038 2811 0.060200
3039 2810 0.059706
3040 335 0.055071
3041 338 0.057566
3042 787 0.053449
3043 2662 0.054860
3044 2640 0.052149
3045 787 0.053856
3046 2797 0.050839
3047 329 0.065975
3048 2640 0.050122
3049 318 0.048961
3050 2571 0.061723
3051 2800 0.057385
3052 2569 0.057149
3053 2643 0.053079
3054 2586 0.046894
3055 314 0.066499
3056 2665 0.055171
3057 871 0.050432
3058 2574 0.047530
3059 871 0.047655
3060 2570 0.054654
3061 2564 0.058214
3062 2569 0.053717
3063 1903 0.046733
3064 1776 0.052509
3065 2838 0.052826
3066 1687 0.053469
3067 1590 0.061263
3068 248 0.046757
3069 2575 0.046288
3070 904 0.047722
3071 145 0.062379
3072 243 0.045849
3073 907 0.060822
3074 2597 0.046134
3075 312 0.048476
3076 2610 0.048056
3077 2674 0.058189
3078 2194 0.049730
3079 2656 0.045509
3080 2655 0.058501
3081 2628 0.062286
3082 870 0.051409
3083 2631 0.049639
3084 505 0.046352
3085 251 0.051050
3086 244 0.042452
3087 320 0.056732
3088 244 0.046071
3089 253 0.052955
3090 253 0.054051
3091 258 0.047802
3092 256 0.051016
3093 253 0.051875
3094 291 0.051731
3095 251 0.043777
3096 222 0.042707
3097 275 0.043077
3098 2571 0.038788
3099 279 0.052341
3100 2569 0.046086
3101 894 0.044986
3102 894 0.044314
3103 2669 0.043795
3104 2669 0.045054
3105 2745 0.037241
3106 2607 0.039575
3107 2607 0.038727
3108 902 0.036856
3109 219 0.036628
3110 1790 0.042243
3111 1752 0.040468
3112 1792 0.036015
3113 218 0.053863
3114 861 0.038468
3115 219 0.037570
3116 2241 0.042114
3117 2243 0.044417
3118 2607 0.046262
3119 2606 0.047467
3120 219 0.041628
3121 2599 0.041493
3122 2600 0.041208
3123 2599 0.044361
3124 2607 0.050788
3125 1814 0.053530
3126 2597 0.044603
3127 253 0.054269
3128 858 0.045577
3129 503 0.044214
3130 2642 0.054732
3131 1649 0.044271
3132 1649 0.044922
3133 881 0.044496
3134 305 0.054573
3135 252 0.054484
3136 1856 0.050734
3137 874 0.050659
3138 900 0.046505
3139 311 0.065214
3140 311 0.081670
3141 311 0.064189
3142 314 0.050406
3143 278 0.061540
3144 278 0.056340
3145 290 0.051551
3146 280 0.053136
3147 2744 0.041906
3148 268 0.044397
3149 2573 0.043310
3150 1838 0.043113
3151 1838 0.057316
3152 2742 0.050136
3153 2673 0.059677
3154 2673 0.072030
3155 249 0.047746
3156 3054 0.065515
3157 2586 0.070586
3158 2587 0.051910
3159 2628 0.061868
3160 2808 0.059329
3161 2808 0.063249
3162 2801 0.058948
3163 3054 0.059841
3164 3054 0.059975
3165 2805 0.053947
3166 2639 0.051793
3167 2728 0.045874
3168 245 0.052990
3169 2738 0.061740
3170 3051 0.053036
3171 2583 0.050901
3172 250 0.053537
3173 2639 0.052942
3174 2654 0.055554
3175 2637 0.053212
3176 2653 0.051124
3177 2631 0.045736
3178 2631 0.065442
3179 2581 0.051297
3180 2583 0.056121
3181 3050 0.049566
3182 332 0.058252
3183 2644 0.053308
3184 345 0.057981
3185 332 0.063662
3186 332 0.064904
3187 332 0.065211
3188 1829 0.064565
3189 2833 0.061314
3190 1903 0.050079
3191 3030 0.051988
3192 2831 0.059840
3193 2835 0.059368
3194 356 0.049104
3195 3030 0.055764
3196 2559 0.058214
3197 329 0.057545
3198 343 0.061567
3199 3061 0.071229
3200 3084 0.054013
3201 343 0.057306
3202 335 0.054161
3203 343 0.057217
3204 328 0.049437
3205 328 0.050377
3206 318 0.051690
3207 342 0.058228
3208 329 0.048519
3209 231 0.049697
3210 2552 0.050191
3211 329 0.051597
3212 2553 0.048940
3213 1013 0.044102
3214 2547 0.039524
3215 1012 0.045418
3216 2552 0.043199
3217 695 0.047631
3218 696 0.050951
3219 696 0.051422
3220 696 0.052181
3221 696 0.051968
3222 696 0.051433
3223 1004 0.039203
3224 1004 0.054481
3225 1004 0.039861
3226 1004 0.053881
3227 122 0.037846
3228 2382 0.043497
3229 1012 0.038059
3230 1011 0.035865
3231 1612 0.039586
3232 324 0.036704
3233 324 0.036792
3234 277 0.038940
3235 324 0.050600
3236 3053 0.040616
3237 274 0.043740
3238 1013 0.044849
3239 324 0.045845
3240 468 0.046391
3241 244 0.051956
3242 1747 0.050747
3243 2653 0.062943
3244 2552 0.051165
3245 2552 0.049508
3246 2552 0.043696
3247 1021 0.039648
3248 1025 0.039492
3249 277 0.035625
3250 245 0.047707
3251 276 0.038312
3252 2687 0.041132
3253 2324 0.115886
3254 277 0.034346
3255 277 0.045749
3256 2687 0.037271
3257 278 0.033476
3258 2336 0.179267
3259 2336 0.170918
3260 2336 0.148998
3261 2336 0.154639
3262 2336 0.151745
3263 2331 0.143004
3264 2331 0.137789
3265 2331 0.151959
3266 2330 0.140143
3267 2326 0.145846
3268 2331 0.152142
3269 2344 0.140012
3270 2336 0.151814
3271 2336 0.196596
3272 2339 0.210555
3273 2339 0.211685
3274 2341 0.245598
3275 2339 0.232733
3276 2339 0.232474
3277 2339 0.252288
3278 2340 0.229914
3279 2344 0.254493
3280 2344 0.259744
3281 2344 0.226634
3282 2345 0.250038
3283 2347 0.255133
3284 2346 0.328522
3285 2347 0.344805
3286 2346 0.300491
3287 2346 0.343583
3288 2349 0.387752
3289 2350 0.380137
3290 2350 0.348857
3291 2351 0.352472
3292 2352 0.420982
3293 2353 0.406733
3294 2353 0.386905
3295 2354 0.384570
3296 2355 0.453507
3297 2355 0.463547
3298 2356 0.492016
3299 2357 0.447222
3300 2358 0.445132
3301 2359 0.487337
3302 2360 0.383173
3303 2360 0.458371
3304 2361 0.469684
3305 2362 0.474874
3306 2363 0.442950
3307 2364 0.474146
3308 2364 0.368164
3309 2365 0.389151
3310 2366 0.359967
3311 2367 0.353381
3312 2368 0.466190
3313 2369 0.491844
3314 2370 0.395699
3315 2371 0.375663
3316 2372 0.438150
3317 2373 0.512215
3318 2374 0.474895
3319 2375 0.555534
3320 2376 0.460919
3321 2377 0.461669
3322 2378 0.544294
3323 2379 0.566230
3324 2380 0.416268
3325 2381 0.402292
3326 2382 0.383152
3327 2383 0.400586
3328 2384 0.458074
3329 2385 0.560765
3330 2386 0.484953
3331 2387 0.519932
3332 2388 0.510158
3333 2389 0.460023
3334 2390 0.493408
3335 2391 0.604172
3336 2392 0.397239
3337 2393 0.493849
3338 2394 0.488672
3339 2395 0.466763
3340 2396 0.559908
3341 2397 0.463024
3342 2398 0.478880
3343 2399 0.554586
3344 2400 0.503561
3345 2401 0.457079
3346 2402 0.537917
3347 2403 0.572298
3348 2404 0.551394
3349 2405 0.575559
3350 2406 0.426541
3351 2407 0.571091
3352 2408 0.574794
3353 2409 0.568623
3354 2410 0.547656
3355 2411 0.597235
3356 2412 0.575423
3357 2413 0.540742
3358 2414 0.521589
3359 2414 0.436599
3360 2415 0.446518
3361 2415 0.344782
3362 2417 0.463187
3363 2418 0.571505
3364 2419 0.721041
3365 2419 0.624323
3366 2421 0.623360
3367 2421 0.699570
3368 2422 0.597438
3369 2423 0.573474
3370 2424 0.559783
3371 2424 0.528097
3372 2425 0.540738
3373 2426 0.696075
3374 2427 0.592323
3375 2427 0.654420
3376 2428 0.612040
3377 2428 0.579017
3378 2430 0.668912
3379 2430 0.606806
3380 2431 0.576815
3381 2432 0.645939
3382 2433 0.710174
3383 2433 0.581512
3384 2435 0.528646
3385 2436 0.690193
3386 2436 0.668621
3387 2437 0.723802
3388 2438 0.664013
3389 2439 0.703178
3390 2441 0.606698
3391 2443 0.637786
3392 2441 0.556678
3393 2443 0.699069
3394 2443 0.712721
3395 2444 0.746991
3396 2445 0.639961
3397 2445 0.537575
3398 2446 0.693683
3399 2447 0.625222
3400 2448 0.645778
3401 396 0.610547
3402 396 0.542878
3403 2450 0.703489
3404 2451 0.576671
3405 398 0.491432
3406 399 0.581800
3407 400 0.570420
3408 2454 0.595334
3409 2454 0.570245
3410 403 0.597956
3411 403 0.529632
3412 2457 0.589305
3413 406 0.563792
3414 407 0.623821
3415 409 0.592513
3416 409 0.542277
3417 410 0.476122
3418 411 0.453740
3419 412 0.486613
3420 414 0.491470
3421 415 0.525958
3422 416 0.575462
3423 417 0.485550
3424 420 0.483357
3425 420 0.550516
3426 420 0.530979
3427 422 0.538621
3428 423 0.469417
3429 424 0.521646
3430 426 0.514680
3431 425 0.492161
3432 428 0.569834
3433 429 0.502210
3434 430 0.526091
3435 431 0.499179
3436 432 0.628021
3437 433 0.640685
3438 433 0.623705
3439 435 0.533270
3440 438 0.609729
3441 438 0.561523
3442 439 0.625347
3443 440 0.584510
3444 441 0.572557
3445 442 0.482030
3446 443 0.541829
3447 444 0.657095
3448 445 0.529598
3449 446 0.646100
3450 447 0.541399
3451 448 0.515756
3452 449 0.579804
3453 450 0.598186
3454 451 0.589785
3455 452 0.579043
3456 453 0.595223
3457 454 0.653489
3458 455 0.623818
3459 456 0.725010
3460 457 0.498508
3461 458 0.611224
3462 459 0.412162
3463 460 0.461683
3464 461 0.430314
3465 463 0.409764
3466 464 0.405591
3467 465 0.436855
3468 465 0.404148
3469 466 0.351952
3470 468 0.380662
3471 469 0.426583
3472 471 0.529750
3473 472 0.430397
3474 473 0.467021
3475 474 0.524564
3476 476 0.529094
3477 477 0.466995
3478 478 0.493131
3479 479 0.545905
3480 481 0.626359
3481 482 0.528379
3482 483 0.691866
3483 485 0.525482
3484 486 0.569992
3485 487 0.605949
3486 488 0.603062
3487 490 0.516935
3488 491 0.486295
3489 492 0.570933
3490 494 0.569069
3491 495 0.571490
3492 496 0.465202
3493 497 0.552242
3494 499 0.456203
3495 500 0.641318
3496 501 0.474734
3497 503 0.651769
3498 504 0.559159
3499 505 0.555089
3500 506 0.459534
3501 508 0.529261
3502 510 0.519344
3503 511 0.605894
3504 512 0.585605
3505 513 0.606447
3506 515 0.525064
3507 515 0.575193
3508 517 0.523226
3509 518 0.499266
3510 520 0.525601
3511 521 0.510959
3512 522 0.520536
3513 523 0.474514
3514 525 0.532476
3515 528 0.484071
3516 529 0.506466
3517 531 0.497284
3518 531 0.545648
3519 531 0.569153
3520 535 0.524484
3521 535 0.691181
3522 555 0.489778
3523 539 0.640605
3524 540 0.607345
3525 559 0.533683
3526 562 0.548451
3527 563 0.580911
3528 567 0.582164
3529 568 0.586871
3530 569 0.599516
3531 571 0.630256
3532 570 0.673673
3533 570 0.534266
3534 572 0.689248
3535 573 0.620284
3536 574 0.626903
3537 575 0.614277
3538 576 0.577512
3539 577 0.693509
3540 578 0.665140
3541 580 0.652851
3542 580 0.631583
3543 582 0.664887
3544 582 0.616415
3545 584 0.547867
3546 585 0.637005
3547 586 0.711357
3548 587 0.673698
3549 589 0.642310
3550 589 0.625935
3551 591 0.641651
3552 592 0.597121
3553 593 0.557694
3554 594 0.551292
3555 595 0.669843
3556 596 0.647172
3557 597 0.641939
3558 599 0.534639
3559 599 0.615043
3560 600 0.667730
3561 602 0.678395
3562 603 0.731975
3563 604 0.655527
3564 605 0.772386
3565 606 0.691738
3566 607 0.678073
3567 608 0.714792
3568 610 0.682383
3569 611 0.744298
3570 612 0.804569
3571 613 0.715180
3572 614 0.784561
3573 615 0.566843
3574 617 0.479623
3575 618 0.639225
3576 619 0.623225
3577 620 0.680753
3578 621 0.546524
3579 623 0.658916
3580 624 0.651534
3581 625 0.586659
3582 626 0.721710
3583 627 0.752242
3584 628 0.611666
3585 630 0.653432
3586 631 0.664591
3587 632 0.686055
3588 633 0.732808
3589 634 0.619791
3590 635 0.598466
3591 637 0.655378
3592 637 0.519254
3593 639 0.616895
3594 640 0.763824
3595 641 0.667143
3596 645 0.470386
3597 643 0.609186
3598 645 0.711687
3599 646 0.623663
3600 647 0.623649
3601 648 0.702295
3602 649 0.574103
3603 647 0.455952
3604 653 0.590083
3605 653 0.720592
3606 655 0.634122
3607 656 0.768759
3608 657 0.723435
3609 657 0.550198
3610 659 0.554366
3611 661 0.759826
3612 662 0.803209
3613 663 0.786408
3614 665 0.686490
3615 666 0.729538
3616 667 0.733517
3617 668 0.670289
3618 669 0.670957
3619 671 0.619312
3620 671 0.720590
3621 673 0.628556
3622 674 0.606579
3623 675 0.650143
3624 677 0.694997
3625 678 0.662189
3626 679 0.785186
3627 680 0.755089
3628 681 0.634107
3629 682 0.698741
3630 684 0.673795
3631 684 0.576408
3632 686 0.838230
3633 687 0.788626
3634 689 0.729129
3635 689 0.664997
3636 691 0.681058
3637 692 0.719308
3638 693 0.697778
3639 694 0.703277
3640 695 0.659420
3641 696 0.626868
3642 697 0.661470
3643 699 0.696369
3644 700 0.657154
3645 701 0.818526
3646 702 0.632253
3647 703 0.599970
3648 704 0.623698
3649 705 0.617228
3650 707 0.604683
3651 708 0.709542
3652 709 0.699188
3653 710 0.739334
3654 712 0.690025
3655 713 0.663403
3656 714 0.568154
3657 716 0.538713
3658 717 0.688125
3659 718 0.613263
3660 720 0.530257
3661 721 0.625171
3662 722 0.567355
3663 722 0.538896
3664 725 0.509709
3665 727 0.565328
3666 728 0.522441
3667 728 0.495176
3668 730 0.504749
3669 730 0.474589
3670 733 0.375811
3671 734 0.451839
3672 733 0.457648
3673 734 0.378908
3674 734 0.404595
3675 740 0.321581
3676 734 0.357788
3677 740 0.379301
3678 742 0.385200
3679 743 0.418607
3680 742 0.415699
3681 743 0.407452
3682 747 0.410766
3683 747 0.449265
3684 744 0.395810
3685 745 0.456187
3686 745 0.385261
3687 748 0.398498
3688 747 0.451866
3689 748 0.327722
3690 751 0.414442
3691 752 0.495100
3692 752 0.492647
3693 753 0.513454
3694 753 0.477163
3695 755 0.539073
3696 755 0.485180
3697 757 0.511023
3698 758 0.596945
3699 759 0.565851
3700 759 0.420120
3701 761 0.528526
3702 762 0.481438
3703 764 0.409057
3704 764 0.481237
3705 766 0.401671
3706 766 0.476736
3707 767 0.493701
3708 768 0.550187
3709 769 0.530429
3710 771 0.630389
3711 771 0.440813
3712 773 0.605397
3713 774 0.494897
3714 775 0.510502
3715 776 0.463021
3716 778 0.404117
3717 778 0.445242
3718 779 0.465318
3719 781 0.522445
3720 782 0.561093
3721 783 0.608496
3722 785 0.447297
3723 785 0.516859
3724 787 0.519770
3725 787 0.437519
3726 790 0.371118
3727 790 0.548543
3728 791 0.500430
3729 792 0.506164
3730 793 0.467974
3731 795 0.568750
3732 796 0.558504
3733 797 0.506477
3734 799 0.322943
3735 801 0.342312
3736 801 0.521485
3737 802 0.380255
3738 803 0.361082
3739 805 0.434731
3740 806 0.561194
3741 807 0.436048
3742 808 0.441401
3743 810 0.393005
3744 810 0.469624
3745 812 0.554039
3746 813 0.567252
3747 814 0.427645
3748 816 0.409660
3749 817 0.526326
3750 818 0.525827
3751 819 0.518567
3752 820 0.492972
3753 821 0.394352
3754 823 0.477157
3755 824 0.571926
3756 825 0.566530
3757 826 0.499304
3758 828 0.559872
3759 829 0.574967
3760 830 0.536350
3761 832 0.537858
3762 833 0.552466
3763 834 0.572224
3764 836 0.563628
3765 837 0.581041
3766 839 0.562033
3767 841 0.652306
3768 842 0.590768
3769 843 0.615412
3770 845 0.610998
3771 846 0.574886
3772 848 0.642624
3773 849 0.679864
3774 850 0.577322
3775 853 0.478019
3776 853 0.574182
3777 854 0.554796
3778 856 0.538582
3779 857 0.571712
3780 859 0.504290
3781 860 0.568542
3782 861 0.511731
3783 863 0.458610
3784 864 0.563605
3785 865 0.499030
3786 866 0.519100
3787 868 0.480832
3788 868 0.424728
3789 870 0.425698
3790 872 0.452987
3791 873 0.489856
3792 874 0.597773
3793 875 0.595464
3794 876 0.637538
3795 878 0.576137
3796 879 0.510625
3797 880 0.664806
3798 881 0.733047
3799 882 0.617290
3800 883 0.624126
3801 884 0.564728
3802 886 0.541288
3803 887 0.579666
3804 888 0.574572
3805 889 0.521048
3806 891 0.454582
3807 892 0.593582
3808 893 0.597800
3809 894 0.718871
3810 895 0.591577
3811 896 0.543044
3812 898 0.512398
3813 899 0.519719
3814 900 0.585211
3815 901 0.423547
3816 902 0.410185
3817 904 0.472763
3818 899 0.173833
3819 906 0.588871
3820 907 0.433145
3821 908 0.379995
3822 910 0.464045
3823 911 0.559785
3824 912 0.460716
3825 913 0.452377
3826 914 0.518783
3827 916 0.471659
3828 917 0.604258
3829 918 0.572548
3830 919 0.467887
3831 921 0.456584
3832 922 0.544133
3833 923 0.546771
3834 925 0.673502
3835 926 0.507426
3836 928 0.420103
3837 931 0.376646
3838 931 0.539007
3839 932 0.507217
3840 934 0.365216
3841 937 0.455818
3842 939 0.438891
3843 940 0.438111
3844 943 0.454693
3845 945 0.489808
3846 947 0.383550
3847 949 0.331282
3848 950 0.290378
3849 948 0.221366
3850 948 0.196513
3851 950 0.182804
3852 950 0.154909
3853 950 0.111471
3854 948 0.134648
3855 985 0.115552
3856 2387 0.037950
3857 978 0.122459
3858 972 0.101157
3859 3197 0.042469
3860 1826 0.037467
3861 1827 0.051090
3862 3152 0.039779
3863 1806 0.034791
3864 1831 0.043900
3865 2743 0.042351
3866 1805 0.048645
3867 2742 0.042635
3868 2743 0.043417
3869 900 0.042378
3870 2570 0.051905
3871 2744 0.041366
3872 2744 0.040667
3873 292 0.049570
3874 243 0.037436
3875 3130 0.043746
3876 3135 0.041877
3877 3089 0.040443
3878 3103 0.041559
3879 3127 0.038715
3880 889 0.047205
3881 1749 0.041728
3882 3124 0.038394
3883 3127 0.040079
3884 2669 0.044905
3885 3079 0.038480
3886 3075 0.038638
3887 3079 0.053364
3888 3078 0.040637
3889 3078 0.040410
3890 3079 0.039465
3891 904 0.052819
3892 906 0.051534
3893 907 0.049851
3894 3073 0.039734
3895 3079 0.037850
3896 2193 0.040160
3897 2193 0.039001
3898 3081 0.039851
3899 2193 0.041257
3900 772 0.038151
3901 841 0.047371
3902 772 0.038295
3903 3078 0.041776
3904 844 0.047286
3905 786 0.042007
3906 844 0.048213
3907 3045 0.043060
3908 3044 0.055086
3909 3044 0.058168
3910 3045 0.055638
3911 3044 0.056168
3912 2192 0.040393
3913 3044 0.040525
3914 3140 0.040610
3915 3139 0.041455
3916 3044 0.055022
3917 3139 0.039963
3918 3057 0.037643
3919 1812 0.044493
3920 3084 0.039108
3921 3084 0.051812
3922 3084 0.038337
3923 450 0.043414
3924 3084 0.050118
3925 2157 0.046824
3926 3056 0.049209
3927 2840 0.055424
3928 2840 0.039762
3929 3029 0.040282
3930 3028 0.050536
3931 2803 0.044991
3932 2800 0.057793
3933 2800 0.056154
3934 1967 0.046693
3935 3028 0.041757
3936 2833 0.045023
3937 2833 0.044903
3938 2831 0.045355
3939 2833 0.044824
3940 1972 0.046018
3941 3029 0.054996
3942 3027 0.038948
3943 2828 0.045020
3944 1963 0.044551
3945 1960 0.042877
3946 2133 0.038133
3947 1956 0.041540
3948 1960 0.043540
3949 1967 0.036553
3950 1967 0.036279
3951 1964 0.033292
3952 1961 0.033211
3953 1960 0.045756
3954 1960 0.034825
3955 1960 0.043413
3956 1960 0.034009
3957 1964 0.035012
3958 1968 0.033786
3959 1947 0.040610
3960 1942 0.032974
3961 1944 0.040679
3962 1953 0.034404
3963 1953 0.033682
3964 1944 0.043498
3965 1954 0.043171
3966 1967 0.049541
3967 1970 0.047651
3968 1988 0.042508
3969 1972 0.048508
3970 1969 0.046428
3971 2148 0.044028
3972 1972 0.035105
3973 1985 0.044546
3974 1974 0.043613
3975 1984 0.044567
3976 1969 0.046302
3977 1987 0.045100
3978 1986 0.047285
3979 3036 0.044795
3980 2304 0.048811
3981 1983 0.048404
3982 1984 0.050471
3983 1984 0.037660
3984 3036 0.043165
3985 2291 0.039911
3986 917 0.042495
3987 1992 0.035697
3988 2770 0.043009
3989 2770 0.045140
3990 1993 0.047771
3991 1991 0.052846
3992 1993 0.047531
3993 1992 0.041835
3994 1985 0.056803
3995 1314 0.054012
3996 1990 0.047423
3997 2963 0.047921
3998 2962 0.052069
3999 1319 0.044595
4000 1321 0.046539
4001 2089 0.044748
4002 2965 0.057039
4003 1321 0.046814
4004 1992 0.051813
4005 2768 0.050284
4006 364 0.046619
4007 1984 0.042681
4008 1971 0.044929
4009 1974 0.053817
4010 1972 0.040881
4011 1984 0.054261
4012 1986 0.051554
4013 1982 0.038431
4014 1963 0.048096
4015 1972 0.050472
4016 1983 0.047793
4017 1989 0.045887
4018 1970 0.047822
4019 1985 0.045883
4020 1829 0.038714
4021 1967 0.038151
4022 1984 0.047251
4023 918 0.040032
4024 1984 0.048802
4025 1983 0.035387
4026 1985 0.047573
4027 1984 0.048203
4028 1984 0.048246
4029 1967 0.040873
4030 1901 0.045852
4031 1986 0.049542
4032 1983 0.053733
4033 1969 0.047991
4034 1994 0.043807
4035 1889 0.050196
4036 1978 0.045260
4037 1985 0.048533
4038 1969 0.063761
4039 1970 0.049567
4040 1964 0.051549
4041 1891 0.051933
4042 1889 0.049614
4043 1889 0.052066
4044 1963 0.049360
4045 1971 0.045133
4046 1891 0.055605
4047 1967 0.043507
4048 1981 0.053546
4049 1968 0.056557
4050 1988 0.055287
4051 1979 0.068502
4052 1983 0.055185
4053 1967 0.045323
4054 1892 0.058121
4055 1890 0.072073
4056 1890 0.056775
4057 3832 0.042920
4058 2842 0.057030
4059 1984 0.057268
4060 1984 0.041922
4061 1982 0.053779
4062 3950 0.043670
4063 1982 0.057535
4064 1979 0.051075
4065 1987 0.055021
4066 1967 0.044513
4067 1973 0.055111
4068 1890 0.050344
4069 1967 0.042547
4070 3966 0.042687
4071 3971 0.047600
4072 3970 0.052124
4073 2765 0.043855
4074 2970 0.046408
4075 2831 0.053050
4076 1961 0.049521
4077 2832 0.053942
4078 2079 0.051263
4079 2832 0.055572
4080 3029 0.051350
4081 3943 0.042721
4082 1972 0.054508
4083 3967 0.056104
4084 1972 0.053652
4085 1975 0.049686
4086 363 0.042872
4087 3975 0.047442
4088 3974 0.049331
4089 1975 0.049820
4090 1977 0.049494
4091 1977 0.048293
4092 1982 0.052707
4093 3968 0.039345
4094 1891 0.070304
4095 1969 0.053870
4096 1889 0.069493
4097 1980 0.047302
4098 1982 0.049897
4099 3967 0.051807
4100 3968 0.038911
4101 1967 0.038914
4102 3972 0.050514
4103 1971 0.043020
4104 1966 0.050628
4105 1972 0.039432
4106 1975 0.049013
4107 1975 0.048255
4108 1971 0.056285
4109 3974 0.047348
4110 1889 0.049329
4111 1889 0.047131
4112 3974 0.049688
4113 1966 0.051691
4114 1890 0.047867
4115 1889 0.050197
4116 1889 0.049814
4117 2806 0.051237
4118 1965 0.052512
4119 3994 0.067707
4120 4009 0.050246
4121 4010 0.044618
4122 4010 0.045333
4123 3994 0.051092
4124 4016 0.051144
4125 3994 0.051937
4126 3971 0.049201
4127 3966 0.041686
4128 4008 0.068375
4129 4008 0.063764
4130 3985 0.052280
4131 3980 0.041732
4132 3989 0.044117
4133 4006 0.049463
4134 3999 0.049877
4135 2968 0.050063
4136 3999 0.068014
4137 4000 0.049191
4138 2963 0.050735
4139 4003 0.049060
4140 4003 0.047081
4141 2966 0.000000
4142 2965 0.056998
4143 2963 0.069709
4144 2962 0.052459
4145 2962 0.053608
4146 2962 0.055781
4147 2963 0.051393
4148 3991 0.067854
4149 2967 0.050812
4150 4009 0.048451
4151 4046 0.051822
4152 4045 0.048839
4153 4053 0.053607
4154 4053 0.054322
4155 4045 0.051210
4156 4046 0.055203
4157 4045 0.054194
4158 4046 0.057180
4159 4054 0.057895
4160 4049 0.056734
4161 4056 0.059229
4162 4054 0.053381
4163 4054 0.056751
4164 4053 0.058775
4165 4028 0.060465
4166 4056 0.060278
4167 4046 0.057212
4168 3994 0.061095
4169 3994 0.061110
4170 3994 0.058374
4171 3970 0.062240
4172 3970 0.059391
4173 3972 0.068021
4174 4006 0.057483
4175 3972 0.058570
4176 4056 0.057771
4177 3988 0.062476
4178 3989 0.068448
4179 3993 0.055418
4180 4006 0.055501
4181 4060 0.071223
4182 3971 0.050636
4183 3971 0.052802
4184 4064 0.069160
4185 4056 0.056228
4186 4028 0.057118
4187 4044 0.065316
4188 4050 0.055228
4189 4065 0.049226
4190 4050 0.056296
4191 4014 0.059400
4192 4051 0.051205
4193 4032 0.060055
4194 4062 0.064975
4195 4052 0.060618
4196 4052 0.062298
4197 4095 0.065375
4198 4013 0.063446
4199 4060 0.065696
4200 4100 0.058328
4201 4093 0.060494
4202 4028 0.053818
4203 4011 0.061722
4204 4019 0.053476
4205 4032 0.047803
4206 2845 0.056921
4207 4100 0.055795
4208 4100 0.060103
4209 4030 0.046855
4210 4017 0.068305
4211 4028 0.055102
4212 4030 0.061822
4213 4030 0.063851
4214 4028 0.057027
4215 4104 0.056812
4216 4099 0.056736
4217 4100 0.060607
4218 4054 0.067108
4219 4091 0.054121
4220 4056 0.066833
4221 4034 0.052642
4222 4011 0.058033
4223 4056 0.065081
4224 3987 0.052237
4225 3990 0.045678
4226 3989 0.059842
4227 3989 0.060022
4228 4018 0.053381
4229 3988 0.056125
4230 3993 0.051623
4231 3987 0.058428
4232 4004 0.066082
4233 4006 0.052520
4234 4009 0.046730
4235 4009 0.063083
4236 4006 0.051184
4237 4065 0.066916
4238 3988 0.057407
4239 4065 0.068233
4240 4063 0.051677
4241 3989 0.050727
4242 3986 0.046969
4243 4019 0.057098
4244 4025 0.057775
4245 3986 0.045946
4246 4026 0.061454
4247 4036 0.060643
4248 4065 0.051096
4249 4065 0.054250
4250 4054 0.053932
4251 4041 0.051728
4252 4065 0.056000
4253 4012 0.048299
4254 4056 0.055177
4255 3993 0.053685
4256 4056 0.053491
4257 3996 0.061984
4258 3995 0.069017
4259 4065 0.054756
4260 4011 0.047072
4261 4056 0.052983
4262 4011 0.068505
4263 4056 0.051241
4264 4087 0.056839
4265 4050 0.052016
4266 4165 0.047818
4267 4166 0.047766
4268 4168 0.048716
4269 4169 0.048563
4270 4168 0.049098
4271 4171 0.048564
4272 3970 0.050737
4273 4167 0.047886
4274 4168 0.046363
4275 4055 0.046102
4276 4046 0.049248
4277 4069 0.045827
4278 4159 0.045703
4279 4165 0.045371
4280 4162 0.060369
4281 4019 0.051942
4282 4162 0.042287
4283 4162 0.041986
4284 4032 0.041717
4285 4024 0.038501
4286 4036 0.038338
4287 4024 0.053440
4288 4162 0.044066
4289 4065 0.064116
4290 4063 0.049605
4291 4159 0.050759
4292 4018 0.057286
4293 4159 0.055170
4294 4169 0.060140
4295 4065 0.055013
4296 4184 0.067410
4297 4171 0.056649
4298 4169 0.051127
4299 4169 0.054865
4300 4171 0.056308
4301 4200 0.058447
4302 4056 0.051603
4303 4171 0.053163
4304 4165 0.064636
4305 4201 0.058505
4306 4203 0.056817
4307 4037 0.052008
4308 4054 0.046850
4309 4056 0.048346
4310 4165 0.051598
4311 4185 0.064888
4312 4185 0.067530
4313 4213 0.065811
4314 4178 0.073111
4315 4178 0.057408
4316 4169 0.055485
4317 4171 0.059890
4318 4176 0.055725
4319 4172 0.058454
4320 4178 0.052445
4321 4175 0.055841
4322 4222 0.059258
4323 4171 0.055171
4324 4185 0.066131
4325 4222 0.061148
4326 4226 0.064599
4327 4190 0.070274
4328 4188 0.066504
4329 4183 0.053561
4330 4158 0.056957
4331 4183 0.076978
4332 4181 0.068684
4333 4183 0.054540
4334 4183 0.055342
4335 4215 0.065215
4336 4185 0.070998
4337 4163 0.051140
4338 4163 0.048917
4339 4026 0.058842
4340 4163 0.049887
4341 4166 0.054324
4342 4151 0.064887
4343 4168 0.052506
4344 4190 0.066242
4345 4237 0.063213
4346 4171 0.075157
4347 4166 0.050681
4348 4167 0.053717
4349 4166 0.053681
4350 4167 0.068589
4351 4172 0.053809
4352 4172 0.056671
4353 4168 0.058340
4354 4172 0.075641
4355 4170 0.052751
4356 4140 0.062657
4357 4146 0.050868
4358 4169 0.057460
4359 4142 0.051095
4360 4142 0.052823
4361 4142 0.052582
4362 4142 0.048024
4363 0 0.057254
4364 0 0.067575
4365 1 0.068783
4366 0 0.057427
4367 0 0.068321
4368 0 0.057885
4369 0 0.058029
4370 0 0.057839
4371 4142 0.050531
4372 4176 0.050854
4373 4176 0.049142
4374 0 0.043329
4375 0 0.044373
4376 0 0.056598
4377 2 0.046353
4378 1 0.069496
4379 0 0.068367
4380 2 0.045737
4381 2 0.047591
4382 4136 0.048236
4383 4167 0.053008
4384 4142 0.048451
4385 4170 0.047354
4386 372 0.039026
4387 3006 0.036278
4388 4270 0.039670
4389 4270 0.040184
4390 4168 0.045919
4391 4158 0.043315
4392 984 0.048306
4393 4167 0.046706
4394 4167 0.042908
4395 4167 0.044992
4396 2450 0.034775
4397 2416 0.038890
4398 2416 0.037255
4399 2416 0.038252
4400 2419 0.037302
4401 5 0.177072
4402 4 0.184665
4403 4 0.187925
4404 4 0.170662
4405 4 0.183691
4406 4 0.171189
4407 4 0.167412
4408 4 0.188438
4409 1294 0.040082
4410 1296 0.030154
4411 3007 0.029955
4412 1068 0.034057
4413 3007 0.028609
4414 383 0.042281
4415 383 0.031173
4416 4 0.171819
4417 3007 0.029398
4418 4 0.187973
4419 4 0.161527
4420 4 0.172180
4421 4 0.172814
4422 4 0.182893
4423 4 0.188976
4424 4 0.173900
4425 4 0.152202
4426 4 0.165586
4427 7 0.165450
4428 5 0.165589
4429 6 0.185331
4430 7 0.156747
4431 4 0.183926
4432 4 0.178329
4433 4 0.193841
4434 4 0.225205
4435 4 0.243351
4436 4 0.219732
4437 4 0.234461
4438 2 0.239417
4439 1 0.233667
4440 4 0.276563
4441 1 0.280872
4442 1 0.257083
4443 1 0.269699
4444 0 0.269291
4445 0 0.328455
4446 1 0.359926
4447 0 0.419243
4448 0 0.455366
4449 0 0.500301
4450 1 0.503024
4451 2 0.673752
4452 2 0.604923
4453 4 0.590234
4454 5 0.547617
4455 5 0.609497
4456 6 0.564159
4457 8 0.495732
4458 9 0.552103
4459 10 0.596228
4460 10 0.606724
4461 11 0.575259
4462 11 0.543455
4463 14 0.502212
4464 14 0.593262
4465 15 0.526824
4466 17 0.479941
4467 18 0.442256
4468 18 0.460190
4469 20 0.482090
4470 20 0.489571
4471 22 0.518475
4472 23 0.600563
4473 24 0.496830
4474 25 0.446723
4475 26 0.440936
4476 27 0.521038
4477 28 0.422837
4478 30 0.479416
4479 30 0.435412
4480 32 0.520203
4481 33 0.537573
4482 34 0.502863
4483 35 0.733461
4484 36 0.639416
4485 37 0.724937
4486 38 0.732411
4487 39 0.666457
4488 40 0.666528
4489 41 0.669113
4490 43 0.589693
4491 44 0.690230
4492 45 0.682366
4493 46 0.691562
4494 47 0.724162
4495 48 0.746548
4496 49 0.661833
4497 50 0.662245
4498 52 0.676063
4499 53 0.662433
4500 53 0.440326
4501 54 0.478851
4502 56 0.503798
4503 58 0.593389
4504 59 0.570261
4505 60 0.564084
4506 61 0.557423
4507 62 0.622960
4508 63 0.485529
4509 65 0.720357
4510 66 0.581298
4511 67 0.586584
4512 69 0.593034
4513 70 0.602745
4514 71 0.603973
4515 73 0.614639
4516 74 0.675181
4517 76 0.725586
4518 79 0.636950
4519 80 0.596229
4520 81 0.647981
4521 83 0.520913
4522 85 0.543096
4523 86 0.562380
4524 89 0.515616
4525 90 0.485077
4526 92 0.504936
4527 96 0.517320
4528 98 0.585269
4529 101 0.492002
4530 101 0.544868
4531 107 0.414879
4532 107 0.326718
4533 1557 0.282527
4534 1555 0.334686
4535 1558 0.355473
4536 1557 0.387461
4537 1555 0.405149
4538 1553 0.358104
4539 1551 0.325173
4540 1551 0.292223
